280851
280850
280847
280846
280845
280844
280843
280842
280841
280840
280838
280837
280836
280835
280834
280833
280832
280831
280830
280829
280828
280826
280825
280824
280823
280822
280821
280820
280819
280818
280817
280815
280813
280812
280811
280810
280808
280806
280805
280803
280801
280800
280799
280798
280796
280793
280792
280791
280789
280786
280785
280784
280783
280782
280781
280779
280778
280777
280776
280775
280774
280773
280772
280771
280769
280768
280767
280766
280765
280764
280763
280762
280761
280760
280759
280758
280757
280756
280755
280754
280753
280751
280750
280749
280748
280747
280746
280745
280744
280743
280742
280741
280740
280739
280738
280737
280736
280735
280734
280733
280732
280731
280730
280729
280728
280727
280726
280725
280724
280723
280722
280720
280719
280718
280717
280716
280714
280713
280712
280711
280710
280709
280708
280707
280706
280704
280703
280701
280700
280699
280697
280696
280695
280694
280693
280692
280691
280690
280689
280688
280687
280686
280685
280684
280683
280682
280680
280678
280677
280676
280675
280674
280673
280672
280671
280670
280669
280666
280665
280664
280663
280662
280661
280660
280659
280658
280657
280656
280655
280654
280652
280651
280650
280649
280648
280647
280646
280645
280644
280643
280642
280641
280640
280638
280637
280635
280634
280633
280631
280630
280629
280628
280627
280626
280625
280624
280623
280622
280621
280620
280619
280618
280617
280616
280615
280614
280613
280612
280611
280610
280609
280608
280607
280605
280604
280603
280602
280601
280596
280594
280593
280591
280590
280588
280587
280586
280585
280584
280583
280582
280581
280580
280579
280578
280577
280576
280575
280574
280573
280572
280571
280570
280569
280568
280567
280566
280565
280564
280562
280561
280560
280559
280558
280557
280556
280555
280554
280553
280552
280551
280550
280549
280548
280547
280546
280545
280544
280543
280542
280541
280540
280539
280538
280537
280535
280534
280533
280532
280531
280530
280529
280528
280527
280526
280525
280524
280523
280522
280521
280520
280519
280518
280517
280516
280515
280514
280513
280512
280511
280510
280509
280508
280507
280506
280505
280504
280503
280502
280501
280500
280499
280498
280497
280496
280495
280494
280493
280492
280490
280489
280488
280487
280486
280485
280484
280483
280482
280481
280480
280479
280478
280477
280476
280475
280474
280473
280472
280471
280470
280469
280468
280467
280466
280465
280464
280463
280462
280461
280459
280458
280457
280456
280455
280454
280453
280452
280451
280450
280449
280448
280447
280446
280445
280444
280443
280442
280441
280440
280439
280438
280437
280436
280435
280434
280433
280432
280431
280430
280429
280428
280427
280426
280425
280424
280423
280422
280421
280420
280419
280418
280417
280416
280415
280414
280413
280412
280411
280410
280409
280408
280407
280406
280405
280404
280403
280402
280401
280400
280399
280398
280397
280396
280395
280394
280393
280392
280391
280390
280389
280388
280387
280386
280385
280384
280383
280382
280381
280380
280379
280377
280376
280375
280374
280373
280372
280371
280370
280369
280368
280367
280366
280365
280364
280363
280362
280361
280360
280359
280358
280357
280356
280355
280354
280353
280352
280351
280350
280349
280348
280347
280346
280345
280344
280343
280342
280341
280340
280339
280338
280337
280336
280333
280332
280331
280330
280329
280327
280326
280325
280324
280323
280322
280321
280319
280317
280316
280315
280314
280313
280312
280311
280310
280309
280308
280307
280306
280305
280304
280303
280302
280301
280299
280298
280295
280294
280293
280292
280291
280290
280288
280287
280286
280280
280279
280278
280277
280275
280273
280271
280270
280269
280268
280267
280265
280263
280262
280260
280259
280258
280257
280256
280255
280254
280249
280248
280247
280239
280238
280236
280234
280233
280232
280231
280230
280229
280228
280227
280226
280225
280224
280223
280221
280220
280219
280217
280216
280215
280213
280212
280211
280208
280207
280206
280205
280204
280203
280202
280201
280200
280199
280198
280197
280196
280195
280194
280192
280190
280188
280187
280186
280185
280184
280183
280182
280180
280179
280178
280177
280176
280175
280173
280172
280171
280170
280169
280168
280166
280162
280161
280160
280159
280158
280157
280156
280152
280151
280150
280149
280148
280147
280146
280145
280144
280143
280142
280140
280139
280138
280137
280136
280135
280134
280133
280131
280130
280129
280127
280126
280125
280124
280123
280122
280119
280118
280116
280115
280114
280113
280112
280111
280110
280108
280106
280105
280104
280103
280102
280101
280100
280098
280097
280096
280095
280094
280093
280092
280091
280090
280088
280087
280086
280084
280083
280082
280081
280080
280079
280077
280076
280075
280074
280073
280071
280070
280069
280068
280067
280066
280065
280064
280063
280061
280060
280059
280058
280057
280056
280055
280054
280053
280051
280050
280049
280048
280047
280046
280045
280044
280043
280042
280041
280040
280039
280038
280037
280036
280035
280034
280033
280032
280031
280029
280028
280027
280026
280025
280024
280022
280021
280020
280019
280018
280017
280013
280012
280011
280010
280009
280008
280007
280006
280005
280004
280003
280002
280001
280000
279999
279998
279997
279995
279994
279993
279992
279991
279990
279989
279988
279987
279985
279984
279983
279982
279981
279980
279979
279978
279976
279975
279974
279973
279972
279971
279970
279969
279968
279967
279966
279965
279964
279963
279962
279961
279960
279959
279958
279957
279956
279955
279954
279953
279951
279950
279949
279948
279947
279946
279945
279944
279943
279942
279941
279940
279939
279938
279937
279936
279935
279934
279932
279931
279930
279929
279928
279927
279926
279925
279923
279922
279921
279920
279919
279918
279917
279916
279915
279914
279912
279911
279910
279909
279908
279907
279905
279904
279903
279902
279900
279899
279898
279897
279896
279894
279892
279891
279890
279889
279888
279887
279885
279884
279883
279882
279881
279880
279879
279878
279877
279876
279875
279874
279873
279872
279871
279870
279869
279868
279867
279866
279865
279864
279863
279862
279861
279860
279859
279858
279857
279856
279855
279854
279853
279852
279851
279850
279849
279848
279847
279846
279845
279844
279843
279842
279840
279839
279838
279837
279836
279835
279834
279833
279832
279831
279828
279827
279826
279825
279824
279823
279822
279549
279548
279547
279546
279545
279544
279543
279542
279541
279540
279539
279538
279537
279536
279535
279534
279533
279531
279530
279529
279528
279527
279526
279525
279524
279523
279522
279521
279520
279519
279518
279517
279516
279515
279514
279513
279512
279511
279510
279509
279508
279506
279505
279504
279503
279502
279501
279500
279499
279498
279497
279496
279495
279494
279493
279492
279491
279490
279488
279486
279485
279484
279483
279482
279481
279480
279479
279478
279477
279476
279475
279474
279473
279472
279471
279470
279466
279465
279464
279463
279462
279461
279460
279459
279458
279457
279456
279455
279454
279453
279452
279451
279450
279449
279448
279447
279446
279445
279444
279443
279442
279441
279440
279439
279438
279437
279436
279435
279434
279433
279432
279431
279430
279429
279428
279427
279425
279423
279422
279421
279419
279418
279417
279416
279415
279414
279413
279412
279411
279410
279409
279408
279407
279406
279405
279402
279401
279400
279399
279398
279397
279396
279394
279393
279392
279391
279390
279389
279388
279387
279385
279384
279382
279381
279380
279379
279378
279377
279376
279375
279374
279373
279372
279371
279370
279369
279368
279367
279366
279365
279364
279363
279362
279361
279357
279353
279352
279350
279349
279348
279347
279344
279343
279342
279326
279324
279322
279321
279320
279319
279317
279315
279314
279313
279312
279311
279310
279308
279307
279306
279305
279303
279302
279301
279300
279298
279297
279296
279295
279294
279293
279292
279291
279290
279289
279288
279287
279286
279285
279284
279283
279281
279279
279278
279277
279276
279275
279274
279273
279272
279271
279270
279269
279268
279267
279266
279265
279264
279263
279262
279261
279260
279259
279258
279257
279256
279255
279254
279253
279252
279251
279250
279249
279248
279247
279246
279245
279244
279243
279242
279241
279240
279239
279238
279237
279236
279235
279234
279233
279232
279231
279230
279229
279228
279227
279226
279225
279224
279223
279222
279221
279220
279219
279218
279217
279215
279214
279213
279212
279211
279210
279209
279208
279207
279206
279205
279204
279203
279202
279201
279200
279199
279198
279197
279196
279195
279194
279193
279192
279191
279190
279189
279188
279187
279186
279185
279184
279183
279182
279181
279180
279179
279178
279177
279176
279175
279174
279173
279172
279171
279170
279169
279168
279167
279166
279165
279164
279163
279162
279161
279160
279159
279158
279157
279156
279155
279154
279153
279152
279151
279150
279148
279147
279146
279145
279144
279143
279142
279141
279140
279139
279138
279137
279136
279135
279134
279133
279132
279131
279130
279129
279128
279127
279126
279125
279124
279122
279121
279120
279119
279118
279117
279116
279115
279113
279112
279111
279110
279109
279108
279107
279106
279105
279104
279103
279102
279101
279099
279098
279097
279096
279095
279094
279093
279092
279091
279090
279089
279088
279087
279086
279085
279084
279083
279082
279081
279080
279079
279078
279077
279076
279075
279074
279073
279072
279071
279070
279069
279068
279067
279066
279065
279064
279063
279062
279061
279060
279059
279058
279057
279056
279055
279054
279053
279052
279051
279050
279049
279048
279047
279046
279045
279044
279043
279042
279041
279040
279039
279038
279037
279036
279035
279034
279033
279032
279031
279030
279029
279028
279027
279026
279025
279024
279023
279022
279021
279020
279019
279018
279017
279016
279015
279013
279012
279011
279010
279009
279008
279007
279006
279005
279004
279003
279002
279001
278999
278998
278997
278995
278994
278992
278991
278990
278989
278988
278987
278986
278983
278982
278981
278980
278979
278977
278976
278975
278974
278973
278972
278970
278969
278968
278967
278966
278965
278964
278963
278962
278960
278959
278958
278957
278956
278955
278954
278953
278952
278951
278950
278949
278948
278947
278946
278945
278944
278943
278942
278941
278940
278939
278938
278937
278936
278934
278933
278931
278929
278928
278927
278926
278925
278924
278923
278922
278921
278920
278919
278918
278917
278915
278914
278913
278912
278911
278910
278909
278908
278907
278906
278903
278902
278901
278900
278899
278898
278897
278896
278895
278894
278892
278891
278890
278889
278888
278886
278885
278884
278883
278882
278881
278879
278878
278877
278876
278875
278874
278872
278871
278870
278868
278867
278865
278864
278863
278862
278860
278859
278858
278857
278856
278855
278854
278853
278852
278851
278850
278849
278848
278847
278846
278843
278842
278841
278840
278838
278837
278836
278834
278833
278832
278831
278830
278829
278828
278827
278826
278825
278824
278823
278822
278821
278820
278819
278818
278817
278816
278815
278814
278813
278812
278811
278810
278808
278807
278803
278802
278801
278800
278799
278797
278796
278795
278794
278793
278792
278791
278790
278789
278788
278787
278786
278785
278784
278783
278782
278781
278780
278777
278776
278775
278773
278772
278771
278770
278769
278768
278767
278766
278765
278764
278762
278761
278760
278759
278758
278757
278756
278755
278754
278753
278752
278749
278748
278747
278746
278745
278744
278742
278741
278739
278738
278737
278736
278735
278734
278732
278731
278730
278729
278728
278727
278726
278725
278724
278722
278721
278720
278719
278718
278717
278716
278715
278714
278713
278711
278710
278708
278707
278706
278704
278701
278700
278698
278697
278696
278695
278694
278693
278692
278691
278690
278689
278688
278687
278686
278684
278683
278682
278681
278680
278679
278678
278676
278675
278674
278673
278672
278670
278669
278668
278667
278666
278665
278664
278663
278662
278661
278660
278659
278658
278657
278655
278654
278653
278652
278651
278650
278649
278648
278647
278646
278645
278643
278642
278641
278640
278639
278638
278635
278634
278633
278632
278631
278628
278627
278626
278625
278624
278623
278622
278621
278620
278619
278618
278617
278616
278615
278613
278612
278611
278610
278609
278608
278607
278606
278605
278604
278603
278602
278601
278600
278599
278598
278597
278596
278595
278594
278593
278592
278591
278590
278589
278588
278587
278586
278585
278584
278583
278582
278580
278579
278578
278577
278576
278571
278570
278569
278568
278567
278566
278565
278564
278563
278562
278561
278560
278559
278558
278557
278556
278555
278554
278552
278551
278550
278549
278548
278547
278546
278545
278543
278542
278541
278540
278539
278538
278537
278536
278535
278534
278533
278532
278531
278530
278529
278528
278527
278526
278525
278524
278523
278522
278521
278520
278519
278518
278517
278516
278515
278514
278513
278512
278511
278510
278509
278508
278507
278506
278505
278504
278503
278502
278501
278500
278499
278498
278497
278496
278495
278494
278493
278492
278491
278489
278488
278487
278486
278485
278484
278483
278482
278481
278480
278479
278478
278477
278476
278475
278474
278473
278472
278471
278470
278469
278468
278466
278465
278464
278463
278462
278461
278460
278459
278457
278456
278455
278454
278453
278452
278451
278450
278449
278448
278447
278446
278445
278444
278443
278442
278441
278440
278439
278438
278437
278436
278435
278434
278433
278432
278430
278429
278428
278427
278426
278424
278423
278422
278421
278420
278419
278418
278417
278416
278415
278414
278413
278411
278410
278409
278408
278407
278406
278405
278404
278403
278402
278401
278400
278399
278398
278397
278396
278395
278392
278391
278389
278386
278379
278378
278377
278376
278375
278374
278337
278336
278335
278294
278222
278221
278171
278160
278159
278158
278156
278155
278154
278153
278152
278151
278150
278149
278148
278147
278146
278145
278144
278143
278141
278140
278139
278138
278136
278135
278134
278133
278132
278131
278130
278129
278128
278126
278125
278124
278123
278122
278121
278120
278119
278118
278117
278116
278115
278113
278112
278111
278110
278109
278108
278107
278106
278105
278104
278103
278102
278100
278099
278098
278097
278094
278093
278092
278091
278090
278089
278088
278087
278085
278083
278082
278081
278080
278077
278076
278075
278074
278073
278072
278070
278069
278068
278067
278066
278065
278064
278063
278062
278061
278060
278059
278058
278057
278056
278055
278054
278053
278052
278051
278050
278049
278048
278047
278046
278044
278043
278041
278040
278038
278037
278034
278033
278032
278029
278028
278027
278026
278025
278024
278022
278021
278019
278018
278017
278016
278015
278013
278012
278011
278007
278006
278005
278003
278002
277999
277997
277996
277995
277994
277993
277992
277991
277990
277989
277988
277987
277986
277985
277984
277983
277982
277981
277980
277978
277977
277976
277975
277974
277972
277971
277970
277969
277968
277967
277966
277965
277964
277963
277962
277961
277960
277959
277957
277956
277955
277954
277953
277952
277951
277950
277948
277947
277946
277945
277944
277943
277942
277941
277940
277939
277938
277937
277936
277935
277934
277933
277932
277931
277930
277929
277927
277926
277925
277924
277923
277922
277921
277920
277919
277918
277917
277916
277915
277914
277913
277912
277910
277909
277908
277907
277906
277905
277904
277903
277902
277901
277900
277899
277898
277897
277896
277895
277894
277893
277892
277891
277890
277889
277888
277887
277886
277885
277884
277880
277879
277878
277877
277876
277875
277874
277873
277872
277871
277870
277868
277867
277866
277865
277864
277863
277862
277861
277860
277859
277858
277857
277856
277855
277854
277853
277852
277851
277850
277849
277848
277847
277846
277845
277843
277842
277841
277840
277839
277838
277837
277836
277835
277834
277833
277832
277831
277830
277829
277828
277827
277826
277825
277824
277823
277822
277821
277820
277819
277818
277817
277816
277815
277814
277813
277812
277811
277810
277809
277808
277807
277806
277805
277804
277803
277802
277801
277800
277799
277798
277797
277796
277795
277794
277793
277792
277791
277790
277789
277788
277787
277786
277785
277784
277783
277782
277781
277780
277778
277777
277776
277775
277774
277773
277772
277771
277770
277768
277767
277766
277765
277764
277763
277762
277761
277760
277759
277758
277757
277756
277755
277754
277753
277752
277751
277750
277749
277748
277747
277746
277745
277744
277743
277742
277741
277740
277739
277738
277737
277736
277735
277734
277733
277732
277731
277730
277729
277728
277727
277726
277725
277724
277723
277722
277721
277720
277719
277718
277717
277716
277715
277714
277713
277712
277711
277710
277708
277707
277706
277705
277704
277703
277702
277701
277700
277699
277698
277697
277696
277695
277693
277692
277691
277690
277689
277688
277687
277686
277685
277684
277683
277682
277681
277680
277679
277678
277677
277676
277675
277674
277673
277672
277671
277670
277669
277668
277667
277666
277664
277663
277662
277661
277660
277658
277657
277655
277654
277653
277652
277651
277650
277649
277648
277647
277646
277645
277644
277643
277642
277640
277639
277638
277636
277635
277634
277633
277631
277629
277627
277623
277621
277620
277619
277618
277616
277615
277614
277613
277612
277611
277610
277609
277607
277606
277605
277604
277603
277601
277600
277597
277596
277595
277593
277592
277591
277590
277589
277588
277586
277585
277583
277582
277580
277579
277577
277576
277575
277574
277573
277571
277570
277569
277568
277567
277565
277562
277561
277560
277558
277555
277553
277552
277551
277550
277549
277547
277546
277545
277544
277541
277540
277539
277538
277536
277535
277534
277533
277532
277531
277530
277529
277528
277527
277526
277525
277524
277523
277522
277521
277520
277518
277517
277516
277515
277514
277513
277512
277511
277510
277509
277508
277507
277505
277504
277503
277502
277501
277499
277498
277497
277496
277495
277493
277492
277491
277490
277489
277488
277487
277486
277485
277484
277483
277482
277481
277480
277479
277477
277476
277473
277472
277471
277470
277469
277468
277466
277465
277464
277463
277462
277461
277460
277458
277457
277455
277454
277453
277452
277451
277447
277446
277445
277444
277443
277442
277441
277440
277439
277437
277436
277435
277434
277431
277430
277428
277427
277425
277424
277423
277421
277420
277419
277418
277417
277416
277414
277413
277412
277411
277410
277409
277408
277407
277406
277405
277404
277403
277402
277401
277400
277399
277398
277397
277396
277395
277394
277393
277392
277391
277390
277389
277388
277387
277385
277383
277382
277381
277380
277379
277378
277375
277374
277373
277372
277371
277370
277369
277368
277367
277366
277365
277364
277363
277362
277361
277360
277359
277358
277357
277356
277355
277354
277353
277352
277351
277350
277349
277348
277347
277346
277345
277344
277343
277342
277341
277340
277339
277337
277336
277335
277334
277333
277332
277331
277330
277329
277328
277327
277326
277325
277324
277323
277322
277321
277320
277319
277318
277316
277315
277314
277312
277311
277310
277309
277308
277307
277306
277305
277304
277303
277302
277301
277300
277299
277298
277297
277295
277294
277293
277292
277291
277290
277289
277288
277287
277286
277285
277284
277283
277282
277281
277280
277279
277278
277277
277276
277275
277274
277273
277272
277271
277270
277269
277268
277266
277265
277264
277263
277261
277259
277258
277257
277256
277255
277254
277253
277252
277251
277250
277249
277248
277247
277246
277245
277244
277243
277242
277241
277240
277239
277238
277237
277236
277235
277232
277231
277230
277229
277228
277227
277226
277225
277224
277223
277222
277221
277220
277219
277218
277217
277216
277215
277214
277213
277212
277211
277210
277209
277208
277207
277206
277204
277203
277202
277201
277200
277199
277198
277197
277196
277195
277194
277193
277192
277191
277190
277189
277188
277187
277186
277185
277184
277183
277182
277181
277180
277179
277178
277177
277176
277175
277174
277173
277172
277171
277170
277169
277168
277167
277166
277165
277164
277163
277162
277161
277160
277159
277158
277157
277156
277155
277154
277153
277152
277151
277150
277149
277148
277147
277146
277145
277144
277143
277142
277141
277140
277139
277138
277136
277135
277134
277133
277132
277131
277130
277129
277128
277127
277126
277125
277124
277122
277121
277120
277119
277118
277117
277116
277115
277114
277113
277112
277111
277110
277109
277108
277107
277106
277105
277104
277103
277102
277101
277100
277099
277098
277097
277096
277095
277094
277093
277092
277091
277090
277088
277087
277086
277085
277084
277083
277082
277081
277080
277079
277078
277077
277076
277075
277074
277073
277072
277071
277070
277069
277068
277067
277066
277065
277064
277063
277062
277061
277060
277059
277058
277057
277056
277055
277053
277052
277051
277050
277049
277048
277047
277046
277045
277044
277043
277041
277039
277038
277037
277036
277035
277034
277033
277032
277031
277030
277029
277028
277027
277026
277025
277024
277023
277022
277021
277020
277019
277018
277017
277016
277015
277014
277013
277012
277011
277010
277009
277008
277007
277006
277005
277004
277003
277002
277001
277000
276999
276998
276997
276996
276995
276993
276992
276991
276990
276989
276988
276987
276986
276985
276984
276983
276982
276981
276980
276978
276977
276976
276974
276973
276971
276970
276969
276968
276967
276966
276965
276963
276962
276961
276960
276959
276958
276957
276956
276955
276953
276952
276951
276950
276949
276948
276947
276946
276945
276943
276942
276941
276940
276939
276938
276937
276936
276935
276934
276933
276932
276931
276930
276929
276928
276927
276926
276925
276923
276922
276921
276920
276919
276918
276917
276916
276915
276914
276913
276912
276911
276910
276909
276908
276907
276906
276905
276904
276903
276902
276901
276900
276899
276898
276897
276896
276894
276893
276892
276891
276890
276889
276888
276887
276886
276885
276884
276883
276882
276881
276880
276879
276878
276877
276876
276875
276874
276873
276871
276870
276869
276868
276867
276866
276865
276864
276863
276862
276861
276858
276857
276856
276855
276854
276853
276852
276851
276850
276849
276848
276847
276846
276845
276844
276843
276842
276841
276840
276839
276838
276837
276836
276835
276834
276832
276831
276830
276829
276828
276827
276826
276825
276824
276823
276822
276821
276820
276819
276818
276817
276816
276815
276814
276813
276812
276811
276810
276809
276808
276807
276805
276804
276803
276802
276801
276800
276799
276798
276797
276796
276795
276794
276793
276792
276791
276790
276789
276788
276787
276786
276785
276784
276783
276782
276781
276780
276779
276778
276777
276776
276775
276774
276773
276772
276771
276770
276769
276768
276767
276766
276765
276764
276763
276762
276761
276760
276759
276758
276757
276756
276755
276754
276753
276752
276751
276750
276749
276748
276747
276746
276745
276744
276742
276741
276740
276739
276738
276737
276736
276735
276734
276733
276732
276731
276730
276729
276728
276727
276726
276725
276724
276723
276722
276721
276720
276719
276718
276717
276716
276715
276714
276713
276712
276711
276710
276709
276708
276707
276706
276705
276704
276703
276702
276701
276700
276699
276698
276697
276696
276695
276694
276693
276692
276690
276688
276687
276686
276685
276684
276683
276681
276680
276679
276678
276677
276676
276675
276674
276673
276672
276671
276670
276669
276668
276667
276666
276665
276664
276663
276662
276661
276660
276658
276657
276656
276655
276654
276653
276652
276651
276650
276649
276648
276647
276646
276645
276643
276642
276641
276640
276639
276638
276637
276636
276635
276634
276633
276632
276631
276630
276629
276628
276627
276626
276625
276624
276623
276621
276620
276619
276618
276617
276616
276615
276614
276613
276611
276610
276609
276608
276607
276606
276605
276604
276603
276602
276601
276600
276599
276598
276597
276594
276592
276591
276590
276589
276588
276587
276586
276585
276584
276583
276582
276581
276580
276579
276578
276577
276576
276575
276574
276572
276571
276570
276569
276568
276567
276566
276565
276564
276563
276562
276561
276560
276559
276558
276557
276556
276555
276554
276553
276552
276551
276548
276547
276545
276544
276543
276542
276541
276540
276539
276538
276537
276536
276535
276534
276533
276532
276531
276530
276529
276528
276527
276524
276522
276520
276519
276518
276517
276516
276515
276514
276513
276512
276510
276509
276508
276507
276506
276505
276504
276503
276502
276501
276499
276498
276497
276496
276495
276494
276493
276491
276490
276489
276488
276487
276486
276485
276484
276483
276482
276481
276480
276479
276478
276477
276476
276475
276474
276473
276472
276471
276470
276469
276468
276463
276462
276461
276460
276459
276458
276457
276456
276455
276454
276453
276452
276451
276450
276449
276448
276447
276446
276445
276444
276443
276442
276441
276440
276439
276438
276437
276436
276435
276433
276432
276431
276430
276429
276428
276427
276426
276425
276424
276423
276422
276420
276419
276418
276417
276415
276414
276413
276412
276411
276410
276409
276408
276407
276406
276405
276403
276402
276401
276400
276399
276398
276396
276395
276394
276393
276392
276391
276390
276389
276388
276387
276386
276385
276384
276383
276382
276381
276380
276379
276378
276377
276376
276375
276374
276373
276372
276371
276370
276369
276368
276367
276366
276365
276364
276363
276362
276361
276360
276359
276358
276357
276356
276355
276354
276353
276352
276351
276350
276349
276348
276347
276346
276345
276344
276343
276341
276340
276339
276338
276337
276336
276335
276334
276333
276332
276331
276330
276329
276328
276327
276326
276325
276324
276323
276322
276321
276320
276319
276318
276317
276316
276315
276314
276313
276312
276311
276310
276309
276307
276306
276305
276304
276303
276302
276301
276300
276299
276298
276297
276296
276295
276294
276290
276289
276288
276287
276286
276285
276284
276283
276282
276281
276280
276279
276278
276277
276276
276275
276274
276272
276269
276268
276267
276266
276265
276264
276263
276262
276261
276260
276259
276258
276257
276256
276255
276254
276253
276252
276251
276250
276249
276248
276246
276245
276244
276243
276242
276241
276240
276239
276238
276236
276235
276234
276233
276232
276231
276230
276229
276228
276227
276225
276224
276223
276222
276221
276220
276219
276218
276217
276214
276213
276211
276210
276209
276208
276207
276206
276205
276204
276203
276202
276201
276200
276199
276198
276197
276196
276195
276194
276193
276192
276191
276190
276189
276188
276187
276186
276185
276184
276183
276182
276181
276180
276179
276178
276177
276176
276175
276174
276173
276172
276171
276170
276169
276168
276167
276166
276165
276164
276163
276162
276161
276160
276159
276158
276157
276156
276155
276154
276153
276152
276151
276150
276149
276148
276147
276146
276145
276144
276143
276142
276141
276140
276139
276138
276137
276136
276135
276134
276133
276132
276131
276130
276128
276127
276126
276125
276124
276123
276122
276121
276120
276119
276118
276117
276116
276115
276114
276113
276112
276111
276110
276109
276108
276107
276106
276105
276104
276103
276102
276101
276100
276099
276098
276097
276096
276095
276094
276093
276092
276091
276090
276089
276088
276087
276086
276085
276084
276083
276082
276080
276079
276078
276077
276076
276075
276074
276073
276072
276071
276070
276069
276068
276067
276066
276063
276062
276061
276060
276059
276058
276057
276056
276055
276054
276053
276052
276051
276050
276049
276048
276047
276046
276045
276044
276043
276042
276040
276039
276038
276037
276036
276035
276034
276033
276032
276031
276030
276029
276028
276027
276026
276025
276024
276023
276022
276021
276020
276019
276018
276017
276016
276015
276014
276013
276012
276011
276010
276009
276008
276007
276006
276005
276004
276003
276002
276001
276000
275999
275998
275997
275996
275995
275994
275993
275992
275991
275989
275988
275986
275985
275984
275983
275982
275981
275980
275979
275978
275977
275976
275975
275974
275973
275972
275971
275970
275969
275968
275965
275964
275963
275962
275961
275960
275959
275958
275957
275956
275955
275954
275953
275952
275951
275950
275949
275948
275947
275946
275945
275944
275943
275942
275941
275940
275939
275937
275935
275934
275933
275932
275931
275930
275929
275928
275927
275926
275925
275924
275923
275922
275921
275920
275919
275918
275917
275916
275915
275914
275913
275912
275911
275910
275909
275908
275907
275906
275905
275904
275903
275902
275900
275898
275897
275896
275895
275894
275893
275892
275891
275890
275889
275888
275887
275886
275885
275884
275883
275882
275880
275879
275878
275877
275876
275875
275874
275872
275871
275870
275869
275868
275867
275866
275865
275864
275863
275862
275861
275860
275859
275858
275857
275856
275855
275854
275853
275852
275851
275850
275849
275848
275847
275845
275844
275843
275842
275841
275840
275839
275837
275836
275835
275834
275833
275831
275830
275829
275828
275827
275826
275825
275824
275823
275822
275821
275820
275819
275818
275817
275816
275815
275814
275813
275812
275811
275810
275809
275808
275807
275806
275805
275804
275803
275802
275801
275799
275798
275797
275796
275795
275794
275793
275792
275791
275790
275789
275786
275785
275784
275783
275782
275781
275780
275779
275778
275777
275776
275775
275774
275773
275772
275771
275770
275769
275768
275767
275766
275765
275764
275762
275761
275760
275759
275758
275757
275756
275755
275754
275753
275752
275751
275750
275749
275748
275747
275746
275745
275744
275743
275742
275741
275739
275738
275737
275736
275733
275732
275731
275730
275729
275728
275727
275726
275725
275724
275723
275722
275721
275720
275719
275718
275717
275716
275714
275713
275712
275711
275710
275709
275708
275707
275706
275705
275704
275703
275702
275701
275700
275699
275698
275697
275696
275695
275694
275693
275692
275691
275690
275689
275688
275687
275685
275684
275683
275682
275681
275680
275679
275678
275677
275676
275675
275674
275673
275672
275671
275670
275669
275668
275667
275666
275665
275664
275663
275662
275661
275660
275659
275658
275657
275656
275655
275654
275653
275652
275651
275650
275649
275648
275646
275645
275644
275643
275642
275641
275640
275639
275638
275637
275636
275635
275634
275633
275632
275631
275630
275629
275628
275626
275625
275624
275623
275622
275621
275620
275619
275618
275617
275616
275615
275614
275613
275612
275611
275610
275609
275608
275607
275606
275605
275604
275603
275602
275601
275600
275599
275598
275596
275595
275594
275593
275592
275591
275590
275589
275588
275587
275586
275585
275584
275583
275582
275579
275578
275577
275576
275575
275574
275572
275571
275569
275568
275566
275565
275564
275562
275561
275560
275559
275558
275557
275556
275552
275551
275550
275549
275548
275547
275545
275544
275543
275542
275541
275540
275539
275538
275537
275536
275535
275534
275533
275532
275531
275530
275529
275528
275527
275526
275525
275524
275523
275522
275521
275520
275519
275518
275517
275516
275515
275514
275513
275512
275511
275510
275509
275507
275506
275505
275503
275502
275501
275500
275499
275498
275497
275496
275494
275493
275492
275491
275490
275488
275487
275486
275485
275484
275483
275482
275481
275480
275479
275478
275476
275475
275474
275473
275472
275471
275470
275469
275468
275466
275465
275464
275463
275462
275461
275460
275459
275458
275457
275456
275455
275454
275453
275452
275451
275450
275449
275448
275447
275446
275445
275444
275443
275442
275441
275440
275439
275438
275437
275436
275435
275434
275433
275432
275431
275430
275428
275427
275426
275425
275424
275423
275422
275421
275420
275419
275418
275417
275416
275415
275414
275413
275412
275411
275410
275409
275408
275407
275406
275405
275404
275403
275402
275401
275400
275399
275398
275397
275396
275395
275394
275393
275392
275391
275390
275389
275388
275387
275386
275385
275384
275383
275382
275381
275380
275379
275378
275377
275376
275375
275374
275373
275372
275371
275370
275369
275368
275367
275366
275365
275364
275363
275362
275361
275360
275359
275358
275357
275356
275355
275354
275353
275352
275350
275348
275347
275346
275344
275343
275342
275341
275340
275339
275338
275337
275336
275335
275334
275333
275332
275331
275330
275328
275327
275326
275325
275324
275323
275322
275321
275320
275319
275318
275317
275316
275315
275314
275313
275312
275311
275310
275309
275308
275307
275306
275305
275303
275302
275301
275300
275299
275298
275296
275295
275294
275292
275291
275290
275289
275288
275287
275286
275285
275284
275283
275282
275281
275280
275279
275278
275277
275276
275275
275274
275273
275272
275271
275270
275269
275267
275266
275265
275264
275263
275262
275261
275260
275259
275258
275257
275256
275255
275254
275253
275252
275251
275250
275249
275247
275246
275245
275244
275243
275242
275241
275240
275239
275238
275237
275236
275235
275234
275233
275232
275231
275230
275229
275228
275226
275225
275224
275223
275222
275221
275220
275219
275218
275217
275216
275215
275214
275213
275212
275211
275210
275209
275208
275207
275206
275205
275204
275203
275202
275201
275200
275199
275198
275197
275196
275195
275194
275193
275192
275191
275190
275189
275188
275187
275186
275185
275184
275183
275182
275181
275180
275179
275178
275176
275175
275174
275173
275172
275171
275168
275166
275165
275164
275163
275162
275161
275160
275159
275158
275157
275156
275155
275154
275153
275152
275151
275150
275149
275148
275147
275146
275145
275144
275143
275142
275141
275140
275139
275138
275137
275136
275135
275134
275133
275132
275131
275130
275129
275128
275126
275125
275124
275123
275122
275121
275120
275119
275118
275117
275116
275115
275114
275113
275112
275111
275110
275109
275108
275107
275106
275105
275103
275101
275100
275099
275098
275096
275095
275094
275093
275092
275091
275090
275089
275088
275087
275086
275085
275084
275083
275082
275081
275080
275079
275078
275077
275076
275075
275074
275073
275072
275071
275070
275069
275068
275067
275066
275065
275064
275063
275062
275061
275060
275059
275058
275056
275054
275053
275052
275051
275050
275049
275048
275047
275046
275045
275044
275043
275042
275041
275040
275039
275038
275037
275036
275035
275034
275033
275032
275031
275030
275029
275028
275027
275026
275025
275024
275023
275022
275021
275020
275019
275018
275017
275016
275014
275013
275012
275011
275010
275009
275008
275007
275006
275004
275003
275002
275001
275000
274999
274998
274997
274996
274995
274991
274990
274989
274988
274987
274985
274984
274983
274982
274981
274980
274979
274978
274977
274976
274975
274973
274972
274970
274969
274968
274967
274966
274965
274964
274963
274962
274961
274960
274959
274957
274956
274955
274954
274953
274952
274951
274949
274948
274947
274945
274944
274943
274942
274940
274939
274938
274937
274936
274935
274934
274933
274932
274931
274930
274929
274928
274927
274926
274925
274924
274922
274921
274920
274919
274918
274917
274916
274915
274914
274913
274912
274911
274910
274909
274908
274907
274906
274905
274903
274902
274901
274900
274899
274898
274897
274896
274895
274894
274893
274892
274891
274890
274889
274888
274887
274886
274885
274884
274883
274882
274881
274880
274879
274878
274877
274876
274875
274873
274872
274871
274870
274868
274867
274866
274865
274864
274863
274862
274861
274859
274858
274857
274856
274855
274854
274853
274852
274851
274850
274849
274848
274847
274846
274845
274844
274843
274841
274840
274839
274838
274837
274836
274835
274834
274833
274832
274831
274830
274829
274828
274827
274826
274825
274823
274822
274821
274820
274819
274818
274817
274816
274815
274814
274813
274812
274811
274810
274809
274808
274807
274806
274805
274804
274803
274802
274801
274800
274799
274798
274797
274796
274795
274794
274793
274792
274791
274790
274789
274787
274786
274785
274784
274783
274782
274781
274780
274779
274778
274777
274776
274775
274774
274773
274772
274771
274770
274769
274768
274767
274766
274764
274762
274761
274760
274759
274758
274756
274755
274754
274753
274752
274751
274750
274749
274748
274746
274745
274744
274743
274742
274741
274740
274739
274737
274736
274735
274734
274733
274732
274731
274730
274729
274728
274727
274726
274725
274724
274723
274722
274721
274720
274719
274718
274717
274716
274715
274714
274713
274712
274711
274710
274709
274707
274706
274705
274704
274701
274700
274699
274698
274697
274695
274694
274693
274692
274691
274689
274688
274687
274686
274685
274684
274683
274682
274681
274680
274679
274677
274676
274675
274673
274672
274670
274669
274668
274667
274666
274663
274662
274661
274660
274659
274658
274657
274656
274654
274653
274652
274651
274650
274649
274648
274645
274644
274642
274641
274640
274638
274637
274636
274635
274633
274632
274631
274630
274629
274628
274626
274625
274624
274623
274622
274621
274620
274619
274618
274617
274616
274615
274614
274612
274610
274609
274608
274607
274606
274605
274604
274603
274602
274601
274600
274599
274598
274597
274596
274595
274594
274593
274592
274591
274590
274589
274588
274587
274586
274585
274584
274583
274582
274581
274580
274579
274578
274577
274576
274575
274574
274573
274571
274570
274569
274567
274566
274565
274564
274563
274562
274561
274560
274559
274558
274557
274556
274554
274553
274552
274551
274550
274549
274548
274547
274546
274545
274543
274542
274541
274539
274538
274537
274536
274534
274533
274532
274531
274530
274529
274528
274527
274526
274525
274524
274523
274522
274521
274519
274518
274517
274516
274515
274513
274512
274510
274509
274508
274507
274506
274505
274504
274503
274502
274501
274500
274499
274497
274496
274495
274494
274493
274492
274491
274490
274488
274487
274486
274484
274483
274482
274481
274480
274479
274478
274476
274474
274473
274472
274471
274470
274469
274468
274467
274466
274465
274464
274463
274462
274461
274460
274459
274458
274457
274454
274453
274452
274451
274450
274449
274448
274447
274446
274445
274444
274442
274441
274440
274439
274438
274436
274435
274434
274433
274431
274430
274429
274428
274427
274426
274425
274424
274423
274422
274420
274419
274418
274417
274416
274415
274414
274413
274412
274411
274410
274409
274408
274407
274406
274405
274404
274403
274401
274400
274399
274398
274396
274395
274394
274393
274392
274390
274389
274387
274386
274385
274384
274383
274382
274381
274380
274379
274378
274377
274376
274375
274374
274373
274372
274371
274370
274369
274368
274366
274365
274364
274363
274362
274360
274359
274358
274357
274356
274355
274354
274353
274352
274351
274350
274349
274348
274347
274346
274345
274344
274343
274342
274341
274340
274339
274338
274337
274335
274334
274333
274332
274331
274330
274329
274328
274327
274326
274325
274324
274323
274322
274321
274320
274319
274318
274317
274316
274315
274314
274313
274312
274311
274310
274309
274308
274307
274306
274305
274304
274303
274302
274301
274300
274299
274298
274297
274296
274295
274294
274293
274292
274291
274290
274289
274288
274287
274286
274285
274284
274283
274282
274281
274280
274279
274278
274276
274275
274274
274273
274272
274271
274270
274269
274268
274267
274266
274265
274264
274263
274262
274261
274260
274259
274258
274257
274256
274255
274254
274253
274252
274251
274250
274249
274248
274247
274245
274244
274243
274242
274241
274240
274239
274238
274237
274235
274234
274232
274231
274230
274229
274228
274227
274225
274223
274222
274221
274219
274218
274217
274216
274213
274212
274210
274209
274207
274206
274204
274203
274202
274201
274200
274199
274198
274197
274196
274195
274194
274193
274192
274191
274190
274189
274187
274186
274184
274183
274182
274181
274180
274179
274178
274177
274176
274173
274172
274170
274169
274168
274167
274166
274164
274163
274162
274161
274160
274159
274157
274154
274153
274152
274150
274149
274148
274147
274146
274145
274144
274143
274142
274141
274140
274139
274138
274137
274136
274135
274134
274130
274128
274127
274126
274125
274123
274120
274119
274118
274117
274115
274114
274113
274112
274111
274110
274108
274107
274106
274105
274104
274103
274102
274100
274099
274098
274097
274096
274095
274094
274093
274092
274091
274089
274088
274087
274085
274083
274082
274080
274079
274078
274077
274076
274075
274074
274073
274072
274070
274068
274067
274066
274065
274064
274063
274062
274061
274060
274059
274058
274057
274055
274053
274052
274051
274050
274049
274048
274047
274046
274045
274044
274043
274041
274040
274039
274037
274036
274035
274034
274033
274031
274030
274029
274027
274025
274024
274023
274022
274020
274019
274018
274017
274016
274015
274014
274013
274009
274008
274006
274005
274004
274002
274001
274000
273997
273996
273995
273987
273986
273985
273984
273982
273981
273980
273978
273976
273974
273973
273971
273970
273969
273968
273967
273966
273965
273964
273963
273962
273961
273960
273959
273958
273957
273956
273955
273954
273953
273952
273951
273949
273948
273947
273946
273944
273942
273941
273940
273939
273938
273937
273935
273934
273933
273932
273931
273930
273929
273927
273926
273925
273924
273923
273919
273918
273917
273916
273915
273913
273911
273910
273908
273906
273902
273900
273898
273897
273896
273891
273890
273889
273885
273884
273883
273877
273875
273874
273859
273857
273851
273848
273847
273846
273843
273842
273841
273831
273822
273821
273820
273819
273818
273814
273813
273802
273801
273800
273798
273792
273789
273779
273776
273770
273767
273758
273755
273751
273749
273732
273731
273730
273728
273699
273696
273681
273679
273678
273677
273676
273675
273674
273673
273668
273646
273642
273640
273639
273632
273631
273629
273628
273627
273623
273622
273621
273620
273614
273611
273608
273593
273586
273585
273581
273565
273561
273545
273543
273540
273532
273531
273529
273528
273527
273526
273506
273487
273454
273447
273446
273445
273444
273430
273416
273415
273412
273370
273236
273229
273221
273206
273185
273184
273180
273179
273171
273169
273163
273162
273159
273156
273155
273143
273142
273131
273128
273127
273123
273121
273103
273069
273067
272867
272844
272807
272649
272610
272383
272238
272146
272075
272068
272026
271360
270408
269588
269142
268893
268791
268299
268268
268139
268127
267943
267664
267299
266663
266662
265396
265212
265159
265075
265050
265046
265041
264923
264838
264791
264775
264498
264093
262886
259036
255833
254299
253558
253320
252621
251026
250354
249778
248711
248543
247768
247382
247175
245986
242286
242102
241466
241378
241244
240004
238555
235837
235419
235151
234622
234498
233533
232942
232111
231969
230242
229563
227263
227075
226798
226481
226286
225293
217414
217049
214244
213684
213032
212442
212216
212212
211944
211857
211221
209377
209011
207709
206144
204255
202574
200109
198981
198792
198468
198405
196490
196054
195115
194592
192945
192895
189949
185599
182995
181450
179009
177218
176886
176697
175507
174504
174432
173930
173445
173120
172057
169578
169291
169273
169008
167968
167962
167904
167852
167540
166884
165766
165606
165434
165376
165338
165054
164776
164655
164547
163930
163913
163393
163338
162980
162828
162599
162433
162416
161130
160672
160145
159531
157202
154891
154254
153250
153112
152770
152355
151569
151410
150863
150654
150183
150085
150062
149927
149636
147871
144042
142185
141968
141118
139899
139890
136390
135970
135949
135602
135343
132735
132657
131329
131130
129746
129444
129419
128760
127403
126463
123774
123472
119186
119048
118738
117486
115900
115546
115461
115014
113925
113519
113242
112129
112126
110214
109334
106493
106342
106061
105526
104025
103640
103046
102534
102426
102281
101202
100940
100536
99907
99657
97832
97503
97044
96711
96199
96126
96087
96018
95937
94277
93467
92783
92699
92500
92409
92253
92158
92010
91530
91518
90907
90595
90235
90140
89933
89468
89400
89337
89280
89253
89148
89028
88567
88420
87939
87402
85846
85386
84464
83706
83289
81372
80436
77916
77704
75183
74748
72884
72482
71333
66370
63304
56564
56446
56414
56384
52150
50898
50575
50379
50201
49813
49754
49674
49639
49574
49485
49358
49116
48990
48967
48959
48953
48928
48804
48647
48634
48583
48288
48253
48192
48105
48102
47925
47911
47891
47881
47867
47836
47651
47262
47100
45145
45130
44946
44861
44439
44228
44066
43860
43724
43402
42664
42647
42616
42292
42168
41688
41290
41180
40409
40405
40389
40377
40293
40004
39988
39961
39927
39805
39760
39700
39430
39406
39367
39347
37375
36564
36385
36326
34934
33851
33690
33682
33679
33669
33654
33648
33642
33566
33550
33461
33456
33349
33079
33019
33012
32987
32966
32890
32887
32883
32746
32741
32714
32646
32567
32550
32533
32526
32525
32494
32490
32484
32478
32458
32456
32447
32427
32418
32385
32382
32366
32353
32345
32087
32085
32032
32030
32018
32016
32015
32013
32012
32011
32010
32009
32008
32006
32005
32004
32003
32002
32001
31999
31998
31997
31996
31995
31994
31993
31992
31990
31989
31988
31987
31986
31985
31984
31983
31982
31981
31980
31979
31978
31977
31976
31975
31974
31973
31972
31971
31970
31969
31967
31966
31965
31964
31963
31962
31961
31960
31959
31958
31957
31956
31955
31954
31953
31952
31951
31950
31949
31948
31947
31946
31945
31943
31942
31941
31940
31939
31938
31937
31936
31935
31934
31933
31932
31931
31930
31929
31928
31927
31926
31925
31924
31923
31922
31921
31920
31919
31918
31917
31916
31915
31914
31913
31912
31911
31910
31909
31908
31907
31906
31905
31904
31903
31902
31901
31900
31899
31898
31897
31896
31895
31894
31893
31892
31891
31890
31888
31887
31886
31885
31884
31883
31882
31881
31880
31879
31878
31877
31876
31875
31874
31873
31872
31871
31870
31869
31868
31867
31866
31865
31864
31863
31862
31861
31860
31859
31858
31857
31856
31855
31854
31853
31852
31851
31850
31849
31848
31847
31846
31845
31844
31842
31841
31840
31839
31838
31837
31836
31835
31834
31833
31832
31831
31830
31829
31828
31827
31826
31825
31824
31823
31822
31821
31820
31819
31818
31817
31816
31815
31814
31813
31811
31810
31809
31808
31807
31806
31803
31802
31801
31800
31799
31798
31796
31795
31794
31793
31792
31791
31790
31789
31788
31787
31786
31785
31784
31783
31782
31781
31780
31779
31778
31777
31776
31775
31774
31773
31772
31771
31770
31769
31768
31767
31766
31765
31764
31763
31762
31761
31760
31759
31758
31757
31756
31755
31754
31753
31752
31751
31750
31749
31748
31747
31746
31745
31744
31743
31742
31741
31740
31739
31737
31736
31735
31734
31733
31732
31731
31730
31729
31728
31727
31726
31725
31724
31723
31722
31721
31720
31719
31718
31717
31716
31715
31714
31713
31712
31711
31710
31709
31708
31707
31706
31705
31704
31703
31702
31701
31700
31699
31698
31697
31696
31695
31694
31693
31692
31691
31690
31689
31688
31687
31686
31684
31683
31681
31680
31679
31678
31676
31675
31674
31673
31672
31671
31670
31669
31668
31667
31666
31665
31664
31663
31662
31661
31660
31659
31658
31657
31656
31655
31654
31653
31652
31651
31650
31649
31648
31647
31646
31645
31644
31643
31642
31641
31640
31639
31638
31637
31636
31635
31634
31633
31632
31631
31630
31629
31628
31627
31626
31625
31624
31623
31622
31621
31620
31619
31618
31617
31616
31615
31614
31613
31612
31611
31610
31609
31608
31607
31605
31604
31603
31602
31600
31599
31598
31597
31596
31595
31594
31593
31592
31591
31590
31589
31588
31587
31586
31585
31584
31583
31582
31581
31580
31579
31578
31577
31576
31574
31573
31572
31571
31570
31569
31568
31567
31566
31565
31564
31563
31562
31561
31560
31559
31558
31557
31556
31555
31554
31553
31552
31551
31550
31548
31545
31544
31543
31542
31541
31539
31538
31537
31536
31535
31534
31533
31531
31530
31528
31527
31526
31525
31524
31522
31520
31519
31518
31517
31515
31514
31513
31512
31511
31510
31509
31508
31507
31506
31505
31504
31503
31502
31501
31500
31498
31497
31496
31495
31494
31493
31492
31491
31490
31489
31488
31487
31486
31485
31484
31483
31482
31481
31479
31478
31477
31476
31475
31474
31473
31472
31471
31470
31468
31467
31466
31465
31464
31463
31462
31461
31460
31459
31458
31457
31456
31455
31454
31453
31452
31451
31450
31449
31448
31447
31446
31445
31444
31443
31442
31441
31440
31439
31438
31437
31434
31433
31432
31431
31430
31429
31428
31427
31426
31425
31424
31423
31421
31420
31419
31418
31417
31416
31415
31414
31413
31412
31411
31410
31409
31407
31406
31405
31404
31403
31402
31401
31400
31399
31398
31397
31396
31395
31394
31393
31392
31391
31389
31388
31387
31386
31385
31384
31383
31382
31381
31380
31379
31378
31377
31376
31375
31374
31373
31372
31371
31370
31369
31368
31367
31366
31365
31364
31363
31362
31361
31360
31359
31358
31357
31356
31355
31354
31353
31352
31351
31350
31349
31347
31346
31345
31344
31343
31341
31340
31339
31338
31337
31336
31335
31334
31333
31332
31331
31330
31329
31328
31327
31326
31325
31323
31322
31321
31320
31319
31318
31317
31316
31315
31314
31313
31312
31311
31310
31309
31308
31307
31306
31305
31304
31303
31302
31301
31300
31299
31298
31297
31296
31295
31294
31292
31291
31289
31288
31287
31286
31285
31284
31283
31282
31281
31280
31279
31278
31277
31276
31275
31274
31273
31272
31271
31270
31269
31268
31267
31266
31265
31264
31263
31262
31261
31260
31259
31258
31257
31256
31255
31254
31253
31252
31251
31250
31249
31248
31247
31246
31245
31244
31243
31242
31241
31240
31239
31238
31237
31236
31235
31234
31233
31231
31230
31229
31227
31226
31224
31222
31221
31220
31219
31218
31217
31216
31215
31214
31213
31212
31211
31210
31209
31208
31207
31206
31205
31204
31203
31202
31200
31198
31197
31196
31195
31193
31192
31191
31190
31189
31188
31186
31185
31184
31183
31182
31181
31179
31178
31177
31176
31175
31173
31172
31171
31170
31169
31168
31167
31166
31165
31164
31163
31162
31161
31160
31159
31158
31157
31156
31155
31154
31153
31152
31151
31150
31149
31148
31147
31146
31145
31144
31143
31142
31141
31140
31139
31138
31137
31136
31135
31134
31133
31132
31131
31130
31129
31128
31127
31126
31125
31124
31123
31122
31121
31120
31119
31118
31117
31116
31115
31114
31113
31112
31111
31109
31108
31107
31106
31105
31104
31103
31102
31101
31100
31099
31098
31097
31096
31095
31094
31093
31092
31091
31090
31089
31088
31087
31086
31085
31084
31083
31082
31081
31080
31079
31078
31077
31076
31075
31074
31073
31072
31071
31070
31069
31068
31066
31065
31064
31063
31062
31061
31060
31059
31058
31057
31056
31055
31054
31053
31051
31050
31049
31048
31047
31046
31045
31044
31043
31042
31041
31040
31039
31038
31037
31036
31035
31034
31033
31032
31031
31030
31029
31028
31027
31026
31025
31024
31023
31022
31021
31020
31019
31018
31017
31016
31015
31014
31013
31012
31011
31010
31009
31008
31007
31006
31005
31004
31003
31002
31001
31000
30999
30998
30997
30996
30995
30994
30993
30992
30991
30990
30989
30988
30987
30986
30985
30984
30983
30982
30981
30980
30979
30978
30977
30976
30975
30974
30973
30972
30971
30970
30969
30968
30967
30966
30965
30964
30963
30962
30961
30960
30959
30958
30957
30956
30955
30954
30953
30952
30951
30950
30949
30948
30947
30946
30945
30944
30943
30942
30941
30940
30939
30938
30937
30936
30935
30934
30933
30932
30931
30930
30929
30928
30927
30926
30925
30924
30923
30922
30921
30920
30919
30918
30917
30916
30915
30914
30913
30912
30911
30910
30909
30908
30907
30906
30905
30904
30902
30901
30900
30899
30898
30897
30896
30895
30894
30893
30891
30890
30889
30888
30887
30886
30885
30884
30883
30882
30880
30879
30878
30877
30876
30875
30874
30873
30872
30871
30870
30869
30868
30867
30866
30865
30864
30863
30862
30861
30860
30859
30858
30857
30856
30855
30854
30853
30852
30850
30849
30848
30847
30846
30845
30844
30843
30842
30841
30840
30839
30838
30837
30836
30835
30834
30833
30832
30831
30830
30829
30828
30827
30826
30825
30824
30823
30822
30820
30819
30818
30817
30816
30815
30814
30813
30812
30811
30810
30809
30808
30806
30805
30804
30803
30802
30801
30800
30799
30798
30797
30796
30795
30794
30793
30792
30791
30790
30789
30788
30787
30786
30785
30784
30783
30782
30780
30779
30778
30777
30776
30775
30774
30772
30771
30770
30769
30768
30767
30765
30764
30763
30762
30761
30760
30759
30758
30757
30756
30755
30754
30753
30752
30751
30750
30748
30747
30746
30745
30744
30742
30741
30740
30738
30737
30736
30735
30734
30733
30732
30731
30730
30729
30728
30727
30726
30725
30724
30723
30722
30721
30719
30718
30717
30716
30715
30714
30713
30712
30711
30710
30709
30708
30707
30706
30705
30704
30703
30702
30701
30700
30699
30698
30697
30696
30695
30694
30693
30692
30691
30689
30688
30687
30686
30685
30684
30683
30682
30681
30680
30679
30678
30677
30676
30675
30674
30673
30672
30671
30670
30669
30668
30667
30666
30665
30664
30663
30662
30661
30660
30659
30658
30657
30656
30655
30654
30653
30652
30651
30650
30649
30648
30647
30646
30645
30644
30643
30642
30641
30640
30639
30638
30637
30636
30634
30633
30632
30631
30630
30629
30628
30627
30626
30625
30624
30623
30622
30621
30620
30619
30618
30617
30616
30615
30614
30613
30612
30611
30610
30609
30608
30607
30606
30605
30604
30603
30602
30601
30600
30599
30598
30597
30596
30595
30594
30593
30592
30591
30590
30589
30588
30587
30586
30585
30584
30583
30582
30581
30580
30579
30578
30577
30576
30575
30574
30573
30572
30571
30570
30569
30568
30567
30566
30565
30564
30563
30561
30560
30559
30558
30557
30556
30555
30554
30552
30551
30550
30549
30548
30547
30546
30545
30544
30543
30542
30541
30540
30538
30536
30535
30534
30533
30532
30531
30530
30529
30528
30527
30526
30525
30524
30523
30522
30521
30520
30519
30518
30517
30516
30515
30514
30513
30512
30511
30510
30509
30508
30507
30506
30505
30504
30503
30501
30500
30499
30498
30497
30496
30495
30494
30493
30492
30491
30490
30489
30488
30487
30486
30485
30484
30483
30482
30481
30480
30479
30478
30477
30476
30475
30474
30473
30472
30471
30470
30469
30468
30467
30466
30465
30464
30463
30462
30461
30459
30458
30457
30456
30455
30454
30453
30452
30449
30448
30447
30446
30445
30444
30443
30442
30441
30440
30439
30438
30437
30436
30435
30434
30433
30432
30431
30430
30429
30428
30427
30425
30424
30423
30422
30421
30419
30418
30417
30416
30415
30414
30413
30412
30411
30410
30409
30408
30407
30406
30405
30404
30403
30402
30401
30400
30399
30398
30397
30396
30395
30394
30393
30392
30391
30390
30389
30388
30387
30386
30385
30384
30383
30382
30381
30380
30379
30378
30377
30376
30375
30374
30373
30372
30371
30370
30369
30368
30367
30366
30365
30364
30363
30362
30361
30360
30359
30358
30356
30355
30354
30353
30352
30351
30350
30349
30348
30347
30346
30345
30344
30343
30342
30341
30340
30339
30338
30337
30336
30335
30334
30333
30332
30331
30330
30329
30328
30327
30326
30325
30324
30323
30322
30321
30320
30319
30318
30317
30316
30314
30313
30312
30311
30310
30309
30306
30305
30304
30302
30301
30300
30299
30298
30297
30296
30295
30294
30293
30292
30291
30290
30289
30288
30287
30286
30285
30284
30283
30282
30281
30280
30279
30278
30277
30276
30275
30274
30273
30272
30271
30270
30269
30268
30267
30266
30265
30264
30262
30261
30259
30258
30257
30256
30255
30254
30253
30252
30251
30250
30249
30248
30247
30246
30245
30244
30243
30242
30241
30240
30239
30238
30237
30236
30235
30233
30232
30231
30230
30229
30228
30227
30226
30225
30224
30223
30222
30221
30220
30219
30217
30216
30215
30214
30213
30212
30211
30210
30209
30208
30207
30206
30205
30204
30203
30202
30201
30200
30199
30197
30196
30195
30194
30193
30192
30191
30190
30189
30188
30187
30186
30185
30184
30183
30182
30181
30180
30179
30178
30177
30176
30175
30174
30173
30171
30170
30169
30168
30167
30166
30165
30164
30163
30161
30160
30159
30158
30157
30156
30155
30154
30153
30152
30151
30150
30148
30147
30146
30145
30144
30143
30142
30141
30140
30139
30138
30137
30136
30135
30134
30133
30132
30131
30130
30129
30128
30127
30126
30125
30124
30123
30122
30121
30120
30119
30118
30117
30116
30115
30114
30113
30111
30110
30109
30108
30107
30106
30105
30104
30103
30102
30101
30100
30099
30098
30097
30095
30094
30093
30092
30091
30090
30088
30086
30085
30084
30083
30082
30081
30079
30078
30077
30076
30075
30074
30073
30072
30071
30070
30069
30068
30067
30066
30065
30064
30063
30062
30061
30060
30058
30057
30056
30055
30054
30053
30052
30051
30050
30049
30048
30047
30046
30045
30044
30043
30042
30041
30040
30038
30037
30036
30035
30034
30033
30032
30031
30029
30028
30027
30026
30025
30024
30023
30022
30021
30020
30019
30018
30017
30016
30015
30014
30013
30011
30010
30009
30008
30007
30006
30005
30004
30003
30002
30001
30000
29999
29998
29997
29996
29995
29994
29993
29992
29991
29990
29989
29988
29987
29986
29985
29984
29983
29982
29981
29980
29979
29978
29976
29975
29974
29973
29972
29971
29970
29969
29968
29967
29966
29965
29964
29963
29962
29961
29960
29959
29958
29957
29956
29955
29954
29953
29952
29951
29950
29949
29948
29947
29946
29945
29944
29943
29942
29941
29940
29939
29938
29937
29936
29935
29934
29932
29931
29930
29929
29928
29927
29926
29925
29924
29923
29922
29921
29920
29919
29918
29917
29915
29914
29913
29911
29909
29908
29907
29906
29905
29904
29903
29902
29901
29900
29899
29898
29897
29896
29895
29894
29893
29892
29891
29890
29889
29888
29887
29886
29885
29884
29883
29882
29881
29879
29878
29877
29876
29875
29874
29873
29872
29871
29870
29869
29868
29865
29864
29863
29862
29861
29860
29858
29857
29856
29855
29854
29853
29852
29851
29850
29849
29848
29847
29846
29845
29843
29842
29841
29840
29839
29838
29837
29836
29835
29834
29833
29832
29831
29830
29829
29828
29827
29826
29825
29824
29823
29822
29821
29820
29819
29818
29817
29816
29815
29814
29812
29811
29810
29809
29808
29807
29806
29805
29804
29803
29801
29800
29799
29798
29797
29796
29795
29794
29793
29792
29791
29790
29789
29788
29787
29786
29785
29784
29783
29782
29781
29780
29779
29778
29777
29776
29775
29774
29773
29772
29771
29770
29769
29768
29767
29766
29765
29764
29763
29761
29760
29759
29758
29757
29756
29755
29754
29753
29752
29751
29750
29749
29748
29747
29746
29745
29744
29743
29742
29741
29740
29738
29737
29736
29735
29734
29733
29732
29731
29730
29729
29728
29727
29726
29725
29724
29723
29722
29720
29719
29718
29717
29716
29715
29714
29713
29712
29711
29710
29709
29708
29707
29706
29705
29704
29703
29701
29700
29699
29697
29696
29694
29693
29692
29691
29690
29689
29688
29687
29685
29684
29683
29682
29680
29679
29678
29677
29676
29675
29674
29673
29672
29671
29670
29669
29668
29667
29666
29665
29664
29663
29662
29661
29660
29659
29658
29657
29656
29655
29654
29653
29652
29651
29650
29649
29648
29647
29646
29645
29644
29643
29642
29640
29639
29638
29637
29636
29635
29634
29633
29632
29631
29630
29629
29628
29627
29626
29625
29623
29622
29621
29620
29619
29618
29616
29612
29611
29610
29609
29608
29607
29606
29605
29604
29603
29602
29601
29600
29599
29598
29597
29596
29595
29594
29593
29591
29590
29589
29588
29587
29586
29584
29583
29582
29581
29580
29579
29578
29576
29575
29574
29573
29572
29571
29570
29569
29568
29567
29566
29565
29563
29562
29561
29560
29559
29558
29557
29556
29555
29554
29552
29551
29550
29549
29547
29546
29545
29544
29543
29542
29541
29540
29539
29538
29537
29536
29535
29534
29533
29532
29531
29530
29529
29528
29527
29526
29525
29524
29523
29521
29520
29519
29518
29517
29516
29515
29514
29513
29512
29511
29510
29509
29508
29507
29506
29505
29503
29502
29501
29500
29498
29497
29496
29495
29494
29493
29492
29491
29490
29489
29488
29487
29486
29485
29483
29482
29481
29480
29479
29478
29476
29475
29474
29473
29472
29471
29470
29469
29467
29466
29465
29464
29463
29462
29461
29460
29459
29458
29457
29456
29455
29454
29453
29452
29451
29450
29449
29448
29447
29446
29445
29444
29443
29442
29441
29440
29439
29438
29437
29436
29435
29434
29433
29431
29430
29429
29428
29427
29426
29425
29424
29423
29422
29421
29420
29419
29417
29416
29415
29414
29413
29412
29411
29410
29409
29408
29407
29406
29405
29404
29403
29402
29401
29400
29399
29397
29396
29395
29394
29392
29391
29390
29389
29388
29387
29386
29385
29384
29383
29382
29380
29379
29378
29377
29376
29375
29374
29373
29372
29370
29369
29368
29367
29366
29365
29364
29363
29362
29361
29360
29359
29358
29357
29356
29355
29354
29353
29352
29351
29350
29349
29348
29347
29346
29345
29344
29343
29342
29341
29340
29339
29338
29337
29336
29335
29334
29333
29332
29331
29330
29329
29328
29327
29326
29325
29324
29323
29322
29321
29320
29319
29318
29317
29316
29315
29314
29313
29312
29311
29310
29309
29308
29307
29306
29305
29304
29303
29302
29301
29300
29299
29298
29297
29296
29295
29294
29293
29292
29291
29290
29289
29288
29287
29286
29284
29283
29282
29281
29280
29279
29278
29277
29276
29275
29274
15979
15978
15976
15975
15974
15973
15972
15971
15970
15969
15968
15967
15966
15965
15964
15963
15961
15960
15959
15958
15957
15956
15955
15954
15953
15952
15951
15950
15949
15948
15947
15945
15944
15943
15942
15941
15940
15939
15938
15937
15936
15935
15934
15933
15932
15931
15930
15929
15928
15927
15926
15925
15924
15923
15922
15921
15920
15918
15917
15916
15915
15914
15913
15912
15911
15910
15909
15907
15906
15905
15904
15903
15901
15900
15899
15898
15897
15896
15895
15894
15893
15892
15891
15890
15889
15888
15887
15886
15885
15884
15883
15882
15881
15880
15879
15878
15877
15876
15875
15874
15873
15872
15871
15870
15869
15868
15867
15866
15865
15864
15863
15862
15861
15860
15859
15858
15857
15856
15855
15854
15853
15852
15851
15850
15849
15848
15847
15846
15845
15844
15843
15842
15841
15840
15839
15838
15837
15836
15835
15834
15833
15832
15831
15830
15829
15828
15827
15826
15825
15824
15823
15822
15821
15820
15819
15818
15817
15814
15813
15812
15811
15810
15809
15808
15807
15806
15805
15804
15803
15801
15800
15799
15798
15797
15796
15795
15794
15793
15792
15791
15790
15789
15788
15787
15786
15785
15784
15783
15782
15781
15780
15779
15778
15777
15776
15775
15774
15773
15772
15771
15769
15768
15767
15766
15765
15764
15763
15762
15760
15759
15758
15757
15756
15755
15754
15753
15752
15751
15750
15749
15748
15747
15746
15745
15744
15743
15742
15741
15740
15739
15738
15737
15736
15735
15734
15733
15732
15731
15730
15729
15728
15727
15725
15724
15722
15721
15720
15719
15717
15716
15715
15714
15713
15711
15710
15709
15708
15707
15706
15705
15704
15703
15702
15701
15700
15699
15698
15697
15696
15695
15694
15693
15692
15691
15690
15689
15688
15687
15686
15685
15684
15683
15682
15681
15680
15679
15678
15677
15676
15675
15674
15673
15672
15671
15670
15669
15668
15667
15665
15664
15663
15662
15661
15660
15659
15658
15657
15656
15655
15654
15653
15652
15651
15650
15649
15648
15647
15646
15645
15644
15643
15642
15641
15640
15639
15638
15637
15636
15635
15634
15633
15632
15631
15630
15629
15628
15627
15626
15625
15624
15623
15622
15621
15620
15619
15618
15617
15616
15615
15614
15613
15612
15611
15610
15609
15608
15607
15606
15605
15603
15602
15601
15600
15599
15598
15597
15596
15595
15594
15592
15591
15590
15589
15588
15587
15586
15584
15582
15581
15580
15579
15578
15577
15575
15574
15573
15572
15570
15569
15568
15567
15566
15565
15564
15563
15562
15561
15560
15559
15558
15557
15556
15555
15554
15553
15552
15551
15550
15549
15548
15546
15545
15544
15543
15541
15540
15539
15538
15537
15536
15535
15534
15533
15532
15531
15530
15529
15527
15526
15525
15524
15523
15522
15521
15520
15519
15517
15516
15515
15514
15513
15512
15510
15509
15508
15507
15506
15505
15504
15503
15502
15501
15499
15498
15497
15496
15495
15494
15493
15492
15490
15489
15488
15487
15486
15485
15484
15483
15482
15481
15479
15478
15477
15476
15475
15474
15473
15472
15471
15470
15469
15468
15467
15466
15464
15463
15462
15461
15460
15459
15458
15457
15456
15455
15454
15453
15451
15450
15449
15448
15447
15445
15444
15443
15442
15440
15439
15438
15437
15436
15435
15434
15433
15432
15431
15430
15428
15427
15426
15425
15424
15423
15422
15421
15420
15419
15418
15417
15416
15415
15414
15413
15412
15410
15409
15408
15407
15405
15404
15403
15401
15400
15399
15398
15397
15396
15395
15394
15393
15392
15391
15390
15389
15388
15387
15386
15385
15384
15383
15382
15381
15380
15379
15378
15377
15376
15375
15373
15372
15371
15370
15369
15367
15365
15364
15363
15362
15361
15360
15359
15357
15356
15355
15354
15353
15352
15351
15350
15349
15348
15347
15346
15345
15344
15343
15342
15341
15340
15339
15338
15337
15336
15335
15334
15332
15331
15330
15327
15325
15324
15323
15321
15320
15319
15318
15317
15316
15314
15313
15312
15310
15309
15308
15307
15306
15305
15304
15303
15302
15301
15300
15298
15297
15296
15295
15294
15293
15292
15291
15290
15289
15288
15287
15286
15285
15284
15283
15282
15281
15279
15278
15277
15276
15275
15274
15273
15272
15271
15270
15269
15268
15267
15266
15265
15264
15263
15262
15261
15260
15259
15258
15257
15256
15255
15253
15252
15251
15250
15249
15248
15247
15246
15245
15244
15243
15242
15241
15240
15239
15238
15237
15236
15235
15234
15233
15232
15231
15230
15229
15228
15227
15226
15225
15224
15223
15222
15221
15220
15218
15217
15215
15214
15213
15212
15211
15210
15209
15208
15207
15206
15205
15204
15203
15202
15201
15200
15199
15198
15197
15196
15195
15194
15193
15192
15190
15188
15187
15185
15184
15183
15182
15181
15180
15179
15178
15177
15176
15175
15173
15172
15171
15170
15169
15168
15167
15166
15165
15164
15163
15162
15161
15159
15157
15156
15155
15154
15153
15152
15151
15149
15148
15147
15146
15145
15144
15143
15142
15141
15140
15139
15138
15137
15136
15135
15134
15133
15132
15131
15130
15129
15128
15127
15126
15125
15124
15123
15122
15121
15119
15118
15117
15116
15114
15113
15112
15111
15110
15109
15108
15107
15106
15105
15104
15103
15102
15101
15100
15099
15098
15097
15096
15095
15094
15093
15092
15091
15090
15089
15088
15087
15086
15085
15084
15083
15082
15081
15080
15079
15078
15077
15076
15075
15074
15073
15072
15071
15070
15069
15068
15067
15066
15065
15064
15063
15061
15060
15059
15058
15057
15056
15055
15054
15053
15052
15051
15050
15049
15048
15047
15046
15045
15044
15043
15042
15041
15039
15038
15037
15036
15035
15034
15033
15032
15031
15030
15029
15028
15027
15026
15025
15023
15021
15020
15019
15017
15016
15015
15014
15013
15012
15011
15010
15009
15008
15007
15006
15004
15003
15002
15000
14999
14998
14996
14995
14994
14993
14992
14991
14990
14989
14988
14987
14986
14985
14984
14983
14982
14981
14980
14979
14978
14977
14976
14975
14973
14972
14971
14970
14969
14968
14967
14966
14965
14964
14963
14962
14961
14960
14959
14958
14956
14954
14953
14952
14951
14950
14949
14948
14947
14946
14945
14944
14943
14942
14939
14938
14937
14936
14935
14933
14932
14931
14930
14929
14928
14927
14926
14925
14924
14923
14922
14921
14920
14919
14918
14917
14916
14915
14914
14913
14912
14911
14910
14909
14908
14907
14906
14905
14904
14903
14902
14901
14900
14899
14898
14897
14896
14895
14893
14892
14891
14890
14889
14888
14887
14886
14885
14884
14883
14882
14881
14880
14879
14878
14877
14876
14875
14874
14873
14872
14871
14870
14869
14868
14867
14866
14865
14864
14863
14861
14860
14859
14858
14857
14856
14855
14854
14853
14852
14851
14850
14849
14848
14847
14846
14845
14844
14843
14842
14841
14840
14839
14838
14837
14836
14835
14834
14833
14832
14831
14830
14829
14828
14826
14825
14824
14823
14822
14821
14819
14818
14817
14816
14815
14814
14813
14812
14811
14809
14808
14807
14806
14805
14804
14803
14802
14801
14799
14798
14797
14796
14795
14794
14793
14792
14791
14789
14788
14787
14786
14785
14784
14783
14782
14781
14780
14779
14778
14777
14776
14775
14774
14773
14772
14771
14770
14769
14768
14767
14766
14765
14764
14763
14762
14761
14760
14759
14758
14757
14756
14755
14754
14753
14752
14750
14749
14748
14747
14746
14745
14744
14743
14742
14741
14740
14737
14736
14735
14734
14733
14732
14731
14730
14729
14728
14727
14726
14725
14724
14723
14721
14720
14719
14718
14717
14716
14715
14714
14713
14712
14711
14710
14709
14708
14707
14706
14705
14703
14702
14701
14700
14699
14698
14697
14695
14693
14692
14691
14690
14689
14688
14686
14685
14684
14683
14682
14681
14680
14679
14678
14677
14676
14675
14674
14673
14672
14671
14670
14669
14667
14666
14665
14664
14663
14662
14661
14660
14659
14658
14657
14656
14655
14654
14653
14651
14650
14649
14648
14647
14646
14645
14644
14643
14642
14641
14640
14639
14638
14637
14636
14635
14634
14633
14632
14631
14630
14629
14628
14627
14626
14625
14624
14623
14622
14621
14620
14619
14618
14617
14616
14615
14614
14613
14612
14611
14610
14609
14607
14606
14605
14604
14603
14597
14596
14595
14592
14591
14590
14589
14587
14585
14584
14583
14582
14581
14580
14579
14578
14577
14576
14575
14574
14573
14572
14570
14569
14568
14567
14566
14565
14564
14563
14562
14561
14560
14559
14558
14557
14556
14554
14553
14552
14551
14550
14548
14546
14545
14544
14543
14542
14541
14540
14539
14538
14537
14535
14534
14533
14532
14531
14530
14529
14528
14527
14526
14525
14524
14523
14522
14521
14520
14519
14517
14516
14515
14514
14513
14512
14511
14510
14509
14508
14507
14506
14505
14504
14503
14502
14501
14500
14498
14497
14496
14495
14492
14491
14490
14489
14488
14487
14486
14485
14484
14483
14481
14480
14479
14478
14477
14475
14474
14473
14472
14471
14470
14469
14468
14467
14466
14465
14464
14463
14462
14461
14460
14459
14458
14457
14456
14455
14454
14453
14452
14451
14450
14449
14447
14446
14445
14444
14443
14442
14441
14440
14439
14438
14436
14435
14434
14433
14432
14431
14430
14429
14428
14426
14425
14424
14423
14422
14421
14419
14418
14417
14416
14415
14414
14413
14412
14411
14410
14409
14408
14407
14406
14403
14402
14401
14400
14399
14398
14397
14396
14395
14394
14393
14392
14391
14390
14389
14388
14387
14386
14385
14384
14383
14382
14381
14380
14379
14378
14377
14376
14375
14374
14373
14372
14371
14370
14369
14368
14367
14366
14365
14364
14363
14362
14361
14360
14359
14358
14357
14356
14355
14354
14353
14352
14351
14350
14349
14348
14347
14346
14345
14344
14343
14342
14341
14340
14339
14338
14337
14336
14335
14334
14333
14332
14330
14329
14326
14325
14324
14323
14322
14321
14320
14319
14318
14317
14316
14315
14314
14313
14312
14311
14310
14309
14307
14306
14304
14303
14302
14301
14300
14299
14298
14297
14296
14295
14294
14293
14292
14291
14290
14289
14288
14287
14285
14284
14283
14282
14280
14279
14278
14277
14276
14275
14274
14273
14272
14271
14270
14269
14268
14267
14266
14265
14264
14263
14262
14261
14260
14259
14257
14256
14254
14253
14251
14250
14249
14248
14247
14246
14245
14242
14241
14240
14239
14237
14236
14235
14234
14233
14232
14231
14230
14229
14228
14227
14226
14224
14223
14222
14221
14220
14219
14218
14217
14216
14215
14213
14212
14210
14209
14208
14207
14206
14205
14204
14203
14202
14201
14200
14199
14198
14197
14196
14195
14194
14193
14192
14191
14190
14189
14188
14187
14186
14185
14184
14183
14182
14181
14180
14179
14178
14177
14176
14175
14174
14173
14172
14171
14170
14169
14168
14167
14166
14165
14164
14163
14162
14161
14160
14159
14158
14157
14156
14155
14154
14153
14152
14151
14150
14149
14148
14147
14146
14145
14144
14143
14142
14141
14140
14139
14137
14136
14135
14134
14133
14131
14130
14129
14128
14127
14126
14125
14124
14122
14121
14120
14119
14118
14117
14116
14115
14114
14113
14112
14111
14110
14109
14108
14107
14106
14105
14104
14103
14102
14101
14100
14099
14098
14097
14096
14095
14094
14093
14092
14091
14090
14089
14088
14087
14086
14085
14084
14083
14082
14081
14080
14079
14078
14077
14076
14075
14074
14072
14071
14070
14069
14068
14067
14066
14065
14064
14063
14062
14061
14060
14059
14058
14057
14056
14054
14053
14052
14051
14050
14049
14048
14047
14046
14045
14044
14043
14042
14041
14039
14038
14037
14036
14035
14033
14031
14030
14029
14028
14027
14026
14024
14023
14022
14021
14020
14019
14018
14017
14016
14015
14014
14013
14012
14011
14010
14009
14008
14007
14006
14005
14004
14003
14002
14001
14000
13999
13998
13997
13996
13995
13994
13993
13992
13991
13990
13989
13988
13987
13986
13984
13983
13982
13981
13980
13979
13978
13977
13976
13975
13974
13973
13972
13971
13970
13969
13968
13967
13966
13965
13964
13963
13962
13961
13960
13959
13958
13957
13956
13955
13954
13952
13951
13950
13949
13948
13946
13945
13944
13943
13942
13941
13940
13938
13937
13936
13935
13934
13933
13932
13931
13930
13929
13928
13927
13926
13925
13924
13923
13922
13920
13919
13918
13917
13916
13915
13914
13913
13912
13911
13909
13908
13907
13906
13905
13904
13903
13902
13901
13900
13899
13898
13895
13894
13893
13892
13891
13890
13889
13888
13887
13886
13885
13884
13883
13881
13880
13879
13878
13877
13876
13875
13874
13873
13871
13870
13869
13868
13867
13866
13865
13864
13863
13862
13861
13860
13859
13858
13857
13856
13855
13854
13853
13852
13851
13850
13849
13848
13847
13846
13845
13844
13843
13842
13841
13840
13839
13838
13836
13835
13834
13833
13831
13830
13829
13828
13827
13826
13825
13824
13823
13822
13821
13820
13819
13818
13817
13816
13815
13814
13813
13811
13810
13809
13808
13807
13806
13805
13804
13803
13802
13801
13800
13799
13798
13797
13796
13795
13794
13793
13792
13791
13789
13788
13787
13786
13785
13784
13783
13782
13781
13780
13779
13778
13777
13775
13774
13773
13772
13771
13770
13769
13768
13767
13766
13765
13764
13763
13762
13761
13760
13759
13758
13756
13755
13754
13753
13751
13750
13749
13748
13744
13743
13742
13741
13740
13739
13738
13737
13736
13735
13734
13733
13732
13731
13730
13729
13728
13727
13726
13725
13724
13723
13722
13721
13720
13719
13718
13717
13716
13714
13711
13710
13709
13708
13707
13705
13704
13703
13702
13701
13700
13699
13698
13697
13696
13695
13694
13693
13691
13690
13689
13688
13687
13686
13685
13684
13683
13682
13681
13680
13679
13678
13677
13676
13675
13674
13673
13672
13670
13669
13668
13667
13666
13665
13664
13663
13662
13661
13660
13659
13658
13657
13655
13653
13652
13651
13650
13649
13648
13647
13646
13645
13644
13643
13642
13641
13640
13639
13638
13637
13636
13635
13634
13633
13632
13631
13630
13629
13628
13627
13626
13625
13624
13623
13622
13621
13620
13619
13618
13617
13616
13615
13614
13613
13612
13611
13610
13609
13608
13607
13606
13605
13604
13603
13602
13600
13599
13598
13597
13596
13595
13594
13593
13592
13591
13590
13589
13588
13587
13586
13584
13583
13582
13581
13580
13579
13578
13577
13576
13575
13572
13571
13569
13568
13567
13566
13565
13564
13563
13562
13561
13560
13559
13558
13557
13556
13555
13554
13553
13552
13551
13550
13549
13548
13546
13545
13544
13543
13542
13541
13540
13539
13538
13537
13536
13535
13534
13533
13531
13529
13528
13527
13526
13525
13524
13523
13522
13521
13520
13519
13518
13517
13516
13515
13514
13513
13512
13511
13510
13509
13508
13507
13506
13505
13504
13503
13502
13501
13499
13498
13497
13496
13495
13494
13493
13492
13491
13490
13489
13488
13487
13486
13485
13484
13483
13482
13481
13480
13479
13477
13476
13475
13474
13473
13472
13471
13470
13469
13468
13467
13466
13465
13464
13463
13462
13461
13460
13458
13457
13456
13455
13454
13453
13452
13451
13450
13449
13448
13447
13446
13445
13444
13443
13442
13441
13440
13439
13438
13437
13436
13435
13434
13433
13432
13431
13430
13429
13428
13427
13426
13425
13424
13423
13422
13421
13420
13419
13418
13417
13416
13415
13414
13413
13411
13410
13409
13408
13407
13406
13405
13404
13403
13402
13401
13400
13399
13397
13396
13395
13394
13393
