13393
13392
13391
13390
13389
13388
13387
13386
13385
13384
13383
13382
13381
13380
13379
13378
13377
13376
13375
13374
13373
13372
13371
13370
13369
13368
13367
13366
13365
13364
13363
13362
13361
13360
13359
13358
13357
13356
13355
13354
13353
13352
13351
13350
13349
13348
13347
13346
13345
13344
13343
13342
13341
13340
13339
13338
13337
13336
13335
13334
13333
13332
13331
13330
13329
13328
13327
13326
13325
13324
13323
13321
13320
13319
13318
13317
13316
13315
13314
13313
13312
13311
13310
13309
13308
13307
13306
13305
13304
13303
13302
13301
13300
13299
13298
13297
13296
13295
13294
13293
13291
13290
13289
13288
13287
13286
13285
13284
13283
13281
13280
13279
13278
13277
13276
13275
13274
13273
13272
13271
13270
13269
13268
13267
13266
13265
13264
13263
13262
13261
13260
13259
13258
13257
13256
13255
13254
13253
13252
13251
13250
13249
13248
13247
13246
13245
13244
13243
13242
13241
13240
13239
13238
13237
13236
13234
13233
13232
13230
13229
13228
13227
13225
13224
13223
13222
13221
13220
13219
13218
13217
13216
13215
13214
13213
13212
13211
13210
13209
13208
13207
13206
13205
13204
13203
13202
13201
13199
13198
13197
13196
13195
13194
13193
13192
13191
13190
13189
13188
13187
13186
13185
13184
13183
13182
13181
13180
13179
13178
13177
13176
13175
13174
13173
13172
13171
13170
13169
13168
13167
13166
13165
13164
13163
13162
13161
13160
13159
13158
13157
13155
13154
13153
13152
13151
13150
13149
13148
13147
13146
13145
13142
13141
13140
13139
13138
13137
13136
13135
13134
13133
13132
13131
13130
13129
13128
13127
13126
13125
13124
13123
13122
13121
13120
13119
13118
13117
13116
13115
13114
13113
13112
13111
13110
13109
13108
13107
13106
13105
13104
13103
13102
13101
13100
13099
13098
13097
13096
13095
13094
13093
13092
13090
13089
13088
13087
13086
13085
13084
13083
13082
13081
13079
13078
13077
13075
13074
13072
13069
13068
13067
13066
13065
13064
13063
13062
13061
13060
13059
13058
13057
13056
13055
13054
13052
13051
13050
13049
13048
13047
13046
13045
13044
13043
13042
13041
13040
13039
13038
13037
13036
13035
13034
13033
13032
13031
13030
13028
13027
13026
13024
13023
13022
13021
13020
13019
13018
13017
13016
13015
13014
13013
13012
13011
13010
13009
13008
13007
13005
13004
13003
13002
13001
13000
12999
12998
12996
12993
12992
12990
12989
12988
12986
12985
12984
12983
12982
12981
12980
12979
12978
12977
12976
12975
12974
12973
12972
12971
12970
12969
12968
12967
12966
12965
12963
12962
12961
12960
12959
12958
12956
12955
12954
12953
12952
12950
12947
12946
12945
12944
12943
12942
12940
12939
12938
12937
12936
12935
12934
12933
12932
12930
12929
12928
12927
12926
12925
12924
12923
12921
12920
12919
12918
12917
12916
12914
12913
12912
12911
12910
12909
12908
12907
12906
12905
12904
12903
12901
12900
12899
12898
12897
12896
12895
12894
12893
12892
12887
12886
12885
12884
12883
12882
12881
12880
12879
12878
12877
12875
12873
12872
12871
12870
12869
12868
12867
12866
12865
12864
12863
12862
12861
12860
12859
12858
12857
12856
12855
12854
12853
12852
12851
12850
12849
12848
12847
12846
12845
12844
12843
12842
12841
12840
12839
12838
12837
12836
12835
12834
12833
12832
12831
12830
12829
12828
12827
12826
12825
12824
12822
12821
12820
12819
12818
12817
12816
12815
12814
12813
12812
12811
12810
12809
12807
12806
12805
12804
12803
12802
12801
12800
12799
12798
12797
12796
12795
12794
12793
12792
12791
12790
12788
12787
12786
12785
12784
12783
12782
12781
12780
12778
12777
12776
12775
12773
12772
12771
12770
12769
12768
12767
12766
12765
12764
12763
12762
12761
12760
12759
12758
12757
12756
12755
12754
12753
12752
12751
12750
12749
12747
12746
12745
12744
12743
12742
12741
12739
12738
12737
12736
12735
12734
12733
12732
12731
12730
12729
12728
12727
12726
12725
12724
12723
12722
12721
12720
12719
12718
12716
12715
12714
12713
12711
12710
12709
12708
12707
12706
12705
12704
12703
12702
12701
12700
12699
12698
12697
12696
12695
12694
12693
12692
12691
12690
12689
12688
12687
12686
12685
12684
12683
12682
12681
12680
12678
12677
12676
12675
12674
12673
12672
12671
12670
12669
12667
12666
12665
12664
12663
12662
12661
12660
12659
12658
12657
12656
12655
12654
12653
12652
12651
12650
12649
12648
12646
12645
12643
12642
12641
12640
12639
12638
12637
12636
12635
12634
12632
12631
12630
12629
12628
12625
12624
12623
12622
12621
12620
12619
12618
12616
