29273
29272
29271
29270
29269
29268
29267
29266
29265
29264
29263
29262
29261
29260
29259
29258
29257
29256
29255
29253
29252
29251
29250
29249
29248
29247
29246
29245
29244
29243
29242
29241
29240
29239
29238
29237
29236
29235
29234
29233
29232
29231
29230
29229
29228
29227
29226
29225
29224
29223
29222
29221
29220
29219
29218
29217
29216
29215
29214
29213
29212
29211
29210
29209
29208
29207
29206
29205
29204
29203
29202
29201
29200
29199
29198
29197
29196
29195
29194
29193
29192
29191
29190
29189
29188
29187
29186
29185
29184
29183
29182
29181
29180
29179
29178
29177
29176
29175
29174
29173
29172
29171
29170
29169
29168
29167
29166
29165
29164
29163
29162
29161
29160
29159
29158
29157
29156
29155
29154
29153
29152
29151
29150
29149
29148
29147
29146
29145
29142
29141
29140
29139
29138
29137
29136
29135
29134
29133
29132
29131
29130
29129
29127
29126
29125
29124
29123
29122
29120
29119
29118
29117
29116
29115
29114
29113
29112
29111
29110
29109
29108
29107
29106
29105
29104
29103
29102
29101
29100
29099
29098
29097
29096
29095
29094
29093
29092
29091
29090
29089
29088
29087
29085
29084
29083
29082
29081
29080
29078
29077
29076
29075
29074
29073
29072
29071
29070
29069
29068
29067
29066
29065
29064
29063
29062
29061
29060
29059
29058
29057
29056
29055
29054
29053
29052
29051
29050
29049
29048
29047
29046
29045
29044
29043
29042
29041
29040
29038
29037
29036
29035
29034
29033
29032
29031
29030
29029
29028
29027
29026
29024
29023
29022
29021
29020
29019
29018
29017
29016
29015
29014
29013
29012
29011
29010
29009
29008
29007
29006
29005
29004
29003
29002
29000
28999
28998
28997
28996
28995
28994
28993
28992
28991
28990
28989
28988
28987
28986
28984
28983
28982
28981
28980
28979
28978
28975
28974
28973
28971
28970
28969
28968
28967
28966
28965
28964
28963
28962
28961
28960
28959
28958
28957
28956
28955
28954
28953
28952
28951
28950
28949
28948
28947
28946
28945
28943
28942
28941
28940
28939
28938
28937
28936
28935
28934
28933
28932
28931
28930
28929
28928
28927
28926
28925
28924
28923
28922
28921
28920
28919
28918
28917
28916
28915
28914
28913
28911
28910
28909
28908
28906
28905
28904
28903
28902
28901
28900
28899
28898
28897
28896
28895
28894
28893
28891
28890
28889
28888
28887
28886
28885
28884
28883
28882
28881
28880
28879
28878
28877
28876
28875
28874
28873
28872
28871
28870
28869
28868
28867
28866
28865
28864
28863
28862
28861
28860
28859
28858
28857
28856
28855
28854
28853
28852
28851
28850
28849
28848
28847
28846
28845
28842
28841
28840
28839
28838
28837
28836
28835
28834
28833
28832
28831
28830
28828
28826
28825
28822
28821
28820
28819
28818
28817
28816
28815
28814
28813
28812
28811
28810
28809
28808
28807
28806
28805
28804
28803
28801
28800
28799
28798
28797
28796
28795
28794
28793
28792
28791
28790
28789
28787
28786
28785
28784
28783
28782
28780
28779
28778
28777
28776
28775
28772
28771
28770
28769
28768
28767
28766
28764
28763
28762
28761
28760
28759
28758
28757
28756
28755
28754
28753
28752
28751
28750
28749
28748
28747
28746
28745
28744
28743
28742
28741
28740
28739
28738
28737
28736
28735
28734
28733
28732
28731
28730
28729
28728
28727
28726
28725
28724
28723
28722
28721
28720
28719
28718
28717
28716
28715
28714
28713
28712
28711
28710
28709
28708
28707
28706
28705
28704
28703
28702
28701
28700
28699
28698
28697
28696
28695
28694
28693
28692
28691
28690
28689
28688
28687
28686
28684
28683
28682
28681
28680
28679
28678
28677
28676
28675
28674
28673
28671
28670
28669
28668
28667
28666
28665
28664
28663
28662
28661
28660
28659
28658
28657
28656
28655
28654
28653
28652
28651
28650
28649
28647
28646
28645
28643
28642
28641
28640
28639
28638
28637
28636
28635
28634
28633
28632
28631
28630
28629
28628
28627
28626
28625
28624
28623
28622
28621
28620
28619
28618
28617
28616
28614
28613
28612
28611
28610
28609
28608
28607
28606
28605
28604
28602
28601
28600
28599
28598
28597
28596
28595
28593
28592
28591
28590
28589
28588
28587
28586
28585
28584
28583
28582
28581
28580
28579
28578
28577
28576
28575
28574
28573
28572
28571
28570
28569
28568
28567
28566
28565
28564
28563
28562
28561
28560
28559
28558
28557
28555
28554
28553
28552
28551
28550
28549
28548
28547
28546
28545
28544
28543
28542
28541
28540
28539
28538
28537
28536
28535
28534
28533
28532
28531
28529
28528
28527
28526
28525
28524
28523
28522
28521
28520
28519
28518
28517
28516
28515
28514
28513
28512
28511
28510
28509
28508
28507
28505
28504
28503
28502
28501
28500
28498
28497
28496
28495
28494
28493
28492
28491
28490
28489
28488
28487
28486
28485
28484
28483
28482
28481
28480
28479
28478
28477
28476
28475
28474
28473
28472
28471
28470
28468
28467
28466
28465
28464
28463
28462
28461
28460
28458
28457
28455
28454
28453
28452
28451
28450
28449
28448
28447
28446
28445
28444
28443
28442
28441
28440
28439
28438
28437
28436
28435
28434
28433
28432
28431
28430
28429
28428
28427
28426
28425
28424
28423
28422
28421
28420
28419
28418
28417
28416
28415
28414
28413
28412
28411
28410
28409
28408
28407
28406
28405
28404
28403
28402
28401
28400
28399
28398
28397
28396
28395
28394
28393
28392
28391
28390
28389
28388
28387
28386
28385
28384
28383
28382
28381
28380
28379
28378
28377
28376
28375
28373
28372
28371
28370
28369
28367
28366
28365
28364
28363
28362
28361
28360
28359
28358
28357
28356
28355
28354
28353
28352
28351
28350
28349
28348
28347
28346
28345
28343
28342
28341
28340
28339
28338
28337
28336
28335
28334
28333
28332
28331
28330
28329
28328
28327
28326
28325
28324
28323
28322
28321
28320
28319
28318
28317
28316
28315
28314
28313
28312
28311
28310
28309
28308
28307
28306
28305
28304
28303
28302
28300
28299
28298
28297
28296
28295
28294
28293
28292
28291
28290
28289
28288
28287
28286
28285
28284
28283
28282
28281
28280
28279
28278
28277
28276
28275
28274
28273
28272
28271
28270
28269
28268
28267
28266
28265
28264
28263
28262
28261
28260
28259
28258
28257
28256
28255
28254
28253
28252
28251
28250
28249
28248
28247
28246
28245
28243
28242
28241
28240
28239
28238
28237
28236
28235
28234
28233
28232
28231
28230
28229
28228
28227
28226
28225
28224
28223
28222
28221
28220
28219
28218
28217
28216
28215
28214
28213
28212
28211
28210
28209
28208
28207
28206
28204
28202
28200
28199
28198
28197
28196
28195
28194
28193
28192
28191
28190
28189
28188
28187
28186
28185
28184
28183
28181
28180
28179
28178
28177
28176
28175
28174
28173
28172
28171
28170
28169
28168
28167
28166
28165
28164
28163
28162
28161
28159
28158
28157
28156
28155
28154
28153
28152
28151
28150
28149
28148
28147
28146
28145
28144
28143
28142
28141
28139
28138
28136
28135
28134
28133
28132
28131
28130
28129
28128
28127
28125
28124
28122
28121
28120
28119
28118
28117
28116
28115
28114
28113
28112
28111
28110
28108
28107
28106
28105
28104
28103
28102
28101
28100
28099
28098
28097
28096
28095
28094
28093
28092
28091
28090
28089
28088
28087
28086
28085
28084
28083
28082
28081
28080
28079
28078
28077
28076
28075
28073
28072
28071
28070
28069
28068
28067
28066
28065
28064
28063
28062
28061
28060
28059
28058
28057
28056
28055
28054
28053
28052
28051
28050
28049
28048
28047
28046
28045
28044
28043
28042
28041
28040
28039
28038
28037
28036
28035
28034
28033
28032
28031
28030
28029
28028
28027
28026
28025
28024
28023
28022
28021
28020
28019
28018
28017
28016
28015
28014
28013
28012
28010
28009
28008
28007
28006
28005
28004
28003
28002
28000
27999
27998
27997
27996
27995
27994
27993
27992
27991
27990
27989
27987
27986
27985
27983
27982
27981
27980
27978
27977
27976
27975
27974
27973
27972
27971
27970
27969
27968
27967
27966
27965
27964
27963
27962
27961
27960
27959
27958
27957
27956
27954
27953
27952
27951
27950
27949
27948
27946
27945
27944
27943
27942
27941
27940
27939
27938
27937
27936
27935
27934
27933
27932
27931
27930
27929
27928
27927
27926
27925
27924
27923
27922
27921
27920
27919
27918
27917
27916
27915
27914
27913
27912
27911
27910
27909
27908
27907
27906
27905
27904
27903
27902
27901
27900
27899
27898
27897
27896
27895
27894
27893
27892
27891
27890
27889
27888
27887
27886
27884
27883
27882
27881
27880
27879
27878
27877
27876
27875
27874
27873
27872
27871
27870
27869
27868
27867
27866
27865
27864
27863
27862
27861
27860
27859
27858
27857
27856
27855
27854
27853
27852
27851
27850
27848
27847
27846
27845
27844
27843
27842
27841
27840
27839
27838
27837
27836
27835
27834
27833
27832
27831
27830
27829
27828
27827
27826
27825
27824
27823
27822
27821
27820
27819
27818
27817
27816
27815
27814
27813
27812
27811
27810
27809
27808
27807
27806
27805
27804
27803
27801
27800
27799
27798
27797
27796
27795
27794
27793
27792
27791
27790
27789
27788
27787
27786
27785
27784
27783
27782
27781
27780
27779
27778
27777
27776
27775
27774
27773
27772
27771
27770
27769
27767
27766
27764
27763
27762
27761
27760
27759
27758
27757
27754
27753
27752
27751
27750
27749
27748
27747
27746
27745
27744
27743
27742
27741
27740
27739
27738
27737
27736
27735
27734
27733
27732
27731
27730
27729
27728
27727
27725
27724
27723
27722
27721
27720
27719
27718
27717
27716
27715
27714
27713
27711
27710
27709
27708
27707
27706
27705
27704
27703
27702
27701
27700
27699
27698
27697
27696
27695
27694
27693
27692
27691
27690
27689
27688
27687
27686
27685
27684
27683
27682
27681
27680
27679
27678
27677
27676
27675
27674
27673
27672
27671
27670
27669
27668
27667
27665
27664
27663
27662
27661
27660
27659
27658
27657
27655
27654
27653
27652
27651
27650
27649
27648
27647
27646
27645
27644
27643
27642
27641
27640
27639
27638
27637
27636
27635
27634
27633
27632
27631
27630
27629
27628
27627
27626
27625
27624
27623
27622
27621
27620
27619
27618
27617
27616
27615
27613
27612
27611
27610
27609
27608
27607
27606
27605
27604
27603
27602
27601
27600
27599
27598
27597
27596
27595
27594
27593
27592
27591
27590
27589
27588
27587
27586
27585
27584
27583
27582
27581
27580
27579
27578
27576
27575
27574
27573
27572
27571
27570
27569
27568
27566
27565
27564
27563
27562
27561
27560
27559
27558
27557
27556
27555
27553
27552
27551
27550
27549
27548
27547
27546
27545
27544
27543
27542
27541
27540
27539
27538
27537
27536
27535
27534
27532
27531
27530
27529
27528
27526
27525
27524
27522
27521
27520
27519
27518
27517
27516
27515
27514
27513
27512
27511
27510
27509
27508
27507
27506
27505
27504
27502
27501
27500
27499
27498
27497
27496
27495
27494
27493
27492
27491
27490
27489
27488
27487
27486
27485
27484
27483
27481
27480
27479
27478
27477
27476
27475
27474
27473
27472
27471
27470
27469
27468
27467
27466
27465
27464
27461
27460
27458
27457
27456
27455
27454
27453
27452
27451
27450
27449
27448
27447
27446
27445
27444
27443
27442
27441
27440
27439
27438
27437
27436
27435
27434
27433
27432
27431
27430
27429
27428
27427
27426
27425
27424
27423
27422
27421
27420
27419
27418
27417
27416
27415
27414
27413
27412
27411
27410
27409
27407
27406
27404
27403
27402
27401
27400
27399
27398
27397
27396
27395
27394
27393
27392
27391
27390
27389
27388
27387
27386
27385
27384
27383
27382
27381
27380
27379
27378
27377
27376
27375
27374
27373
27372
27371
27370
27369
27368
27367
27366
27365
27364
27363
27362
27361
27360
27359
27358
27356
27355
27354
27353
27352
27351
27350
27349
27348
27347
27346
27345
27344
27343
27342
27341
27340
27339
27338
27337
27336
27335
27334
27333
27332
27331
27330
27329
27328
27327
27326
27324
27323
27322
27321
27320
27319
27318
27317
27316
27315
27314
27313
27312
27311
27310
27309
27308
27307
27306
27303
27302
27301
27300
27299
27297
27296
27295
27294
27293
27292
27289
27288
27287
27285
27283
27281
27280
27279
27277
27276
27275
27274
27273
27272
27271
27270
27269
27268
27267
27266
27265
27264
27263
27262
27261
27260
27259
27258
27257
27256
27255
27254
27253
27252
27251
27250
27249
27248
27247
27246
27245
27244
27243
27242
27241
27239
27238
27237
27236
27235
27234
27233
27232
27231
27230
27229
27228
27227
27226
27225
27224
27223
27222
27221
27220
27219
27218
27217
27216
27215
27214
27213
27212
27211
27210
27209
27208
27207
27206
27205
27204
27203
27202
27201
27200
27199
27198
27197
27196
27195
27194
27193
27192
27191
27190
27189
27188
27187
27186
27185
27184
27183
27182
27181
27180
27179
27178
27177
27176
27175
27174
27172
27171
27170
27169
27168
27167
27165
27164
27163
27161
27160
27159
27158
27157
27156
27155
27154
27153
27152
27151
27150
27149
27148
27147
27146
27145
27144
27143
27142
27141
27140
27139
27138
27137
27136
27135
27133
27132
27131
27129
27128
27127
27126
27125
27124
27122
27121
27120
27119
27118
27117
27116
27115
27114
27113
27111
27110
27109
27108
27107
27106
27105
27104
27103
27102
27101
27100
27099
27098
27097
27096
27095
27094
27093
27092
27091
27090
27089
27088
27087
27086
27085
27084
27083
27082
27081
27080
27079
27078
27077
27076
27075
27074
27073
27072
27071
27070
27069
27068
27067
27066
27065
27064
27063
27062
27060
27059
27058
27057
27056
27054
27053
27052
27051
27050
27049
27048
27047
27046
27045
27044
27043
27042
27041
27040
27039
27038
27037
27036
27035
27034
27033
27032
27031
27030
27029
27028
27027
27026
27025
27024
27022
27021
27020
27019
27018
27017
27015
27014
27013
27012
27011
27010
27009
27008
27007
27006
27005
27004
27003
27002
27001
27000
26999
26998
26997
26996
26995
26994
26993
26992
26991
26989
26988
26987
26986
26985
26984
26983
26982
26981
26980
26979
26978
26977
26976
26975
26974
26973
26972
26971
26970
26969
26968
26967
26965
26964
26963
26962
26961
26960
26959
26958
26957
26956
26955
26954
26953
26952
26951
26950
26949
26948
26947
26946
26944
26943
26942
26941
26940
26939
26938
26937
26936
26935
26934
26933
26932
26931
26930
26929
26928
26927
26926
26925
26924
26923
26922
26921
26920
26919
26917
26916
26914
26913
26912
26911
26910
26909
26908
26906
26905
26904
26903
26901
26900
26899
26898
26897
26896
26895
26894
26893
26892
26891
26890
26888
26887
26886
26885
26884
26883
26882
26881
26880
26879
26878
26877
26876
26875
26874
26872
26871
26870
26869
26868
26867
26866
26865
26864
26863
26862
26861
26860
26859
26858
26857
26856
26855
26854
26853
26852
26851
26850
26848
26847
26846
26845
26844
26843
26842
26841
26840
26839
26838
26837
26836
26835
26834
26833
26832
26831
26830
26829
26828
26827
26826
26825
26824
26823
26821
26820
26819
26818
26817
26816
26815
26814
26812
26811
26810
26809
26808
26807
26806
26805
26804
26803
26802
26801
26800
26799
26798
26797
26796
26795
26794
26793
26792
26791
26790
26789
26788
26787
26786
26785
26784
26782
26781
26780
26778
26777
26776
26775
26774
26773
26772
26771
26770
26769
26768
26767
26766
26765
26764
26762
26761
26759
26758
26757
26756
26755
26754
26753
26752
26751
26750
26749
26748
26747
26746
26745
26744
26743
26742
26741
26740
26739
26738
26737
26736
26735
26734
26733
26732
26731
26730
26729
26728
26727
26726
26725
26724
26723
26722
26721
26720
26719
26718
26717
26716
26715
26714
26713
26712
26711
26710
26709
26708
26707
26706
26705
26704
26703
26702
26701
26700
26699
26698
26697
26696
26695
26694
26693
26692
26690
26689
26688
26687
26685
26684
26683
26682
26681
26680
26678
26677
26676
26675
26674
26673
26672
26671
26670
26669
26668
26667
26666
26665
26664
26663
26662
26661
26660
26659
26658
26657
26656
26655
26654
26653
26652
26651
26650
26649
26648
26647
26646
26645
26644
26643
26642
26641
26640
26639
26638
26637
26635
26634
26633
26632
26631
26630
26629
26628
26627
26626
26625
26624
26623
26622
26621
26620
26619
26618
26617
26616
26615
26614
26613
26612
26611
26610
26609
26608
26607
26606
26605
26604
26603
26602
26601
26600
26599
26598
26597
26596
26595
26594
26593
26592
26591
26590
26589
26588
26587
26586
26585
26584
26583
26582
26581
26580
26579
26578
26577
26575
26574
26573
26572
26571
26570
26568
26566
26565
26564
26563
26562
26561
26560
26559
26558
26557
26556
26555
26554
26553
26552
26551
26550
26549
26548
26547
26546
26545
26544
26543
26542
26541
26540
26539
26538
26537
26536
26535
26534
26533
26532
26531
26530
26529
26528
26527
26526
26525
26524
26523
26522
26521
26520
26519
26517
26516
26515
26514
26513
26512
26511
26510
26509
26508
26507
26506
26504
26503
26502
26501
26500
26499
26498
26497
26496
26495
26494
26493
26492
26491
26490
26487
26486
26485
26484
26483
26482
26481
26480
26479
26477
26476
26475
26474
26473
26472
26471
26470
26469
26468
26467
26466
26465
26464
26462
26461
26460
26459
26458
26457
26456
26455
26453
26452
26451
26450
26449
26448
26447
26446
26445
26444
26443
26442
26441
26440
26439
26438
26437
26436
26435
26434
26433
26432
26431
26430
26429
26428
26427
26426
26425
26424
26423
26422
26421
26420
26419
26418
26417
26416
26415
26414
26413
26412
26411
26410
26409
26408
26407
26406
26405
26404
26403
26402
26399
26398
26397
26396
26395
26394
26393
26392
26391
26390
26388
26387
26386
26385
26384
26382
26381
26380
26379
26378
26377
26376
26375
26374
26373
26372
26371
26370
26369
26368
26367
26366
26365
26364
26363
26362
26361
26360
26359
26357
26356
26355
26354
26353
26352
26351
26350
26349
26348
26347
26346
26345
26344
26343
26342
26341
26340
26339
26338
26337
26336
26335
26334
26333
26332
26331
26330
26329
26328
26327
26326
26325
26324
26323
26322
26321
26320
26319
26318
26316
26315
26314
26313
26312
26311
26310
26309
26308
26307
26306
26305
26304
26303
26302
26301
26300
26299
26298
26297
26296
26295
26294
26293
26292
26291
26290
26289
26288
26287
26286
26285
26284
26283
26282
26281
26280
26279
26278
26277
26275
26274
26273
26272
26271
26270
26269
26268
26267
26266
26265
26264
26263
26262
26261
26260
26259
26258
26257
26256
26255
26254
26252
26251
26250
26249
26248
26247
26246
26245
26244
26243
26242
26241
26240
26239
26238
26237
26236
26235
26234
26233
26232
26231
26230
26229
26227
26226
26225
26224
26223
26222
26221
26220
26219
26218
26217
26216
26215
26214
26213
26212
26211
26210
26209
26208
26207
26206
26205
26204
26203
26202
26201
26200
26199
26198
26197
26196
26195
26194
26193
26192
26191
26190
26189
26188
26186
26185
26184
26183
26182
26181
26180
26179
26178
26177
26176
26174
26173
26172
26171
26169
26168
26167
26165
26164
26163
26162
26161
26160
26159
26158
26157
26156
26155
26154
26152
26151
26149
26148
26147
26146
26145
26144
26143
26142
26141
26140
26139
26138
26137
26136
26135
26134
26133
26132
26131
26130
26129
26128
26127
26126
26125
26124
26123
26122
26121
26120
26119
26118
26117
26116
26115
26114
26113
26111
26110
26109
26108
26107
26105
26104
26103
26102
26101
26100
26099
26098
26097
26096
26095
26094
26093
26092
26091
26090
26089
26088
26087
26086
26085
26084
26083
26082
26081
26080
26079
26078
26076
26075
26074
26073
26072
26071
26070
26069
26068
26067
26066
26065
26064
26062
26061
26060
26059
26058
26057
26056
26055
26054
26053
26052
26051
26050
26049
26048
26047
26046
26045
26044
26043
26042
26041
26040
26039
26038
26037
26036
26035
26034
26033
26032
26031
26030
26029
26028
26027
26026
26025
26024
26023
26022
26021
26020
26019
26018
26017
26016
26015
26014
26012
26011
26010
26009
26008
26007
26006
26005
26004
26003
26002
26001
25999
25997
25996
25995
25994
25993
25992
25991
25990
25989
25987
25986
25985
25984
25983
25982
25981
25980
25979
25978
25977
25976
25975
25974
25973
25972
25971
25970
25969
25968
25967
25966
25965
25964
25963
25962
25961
25960
25958
25956
25955
25954
25953
25952
25951
25950
25949
25948
25947
25946
25945
25944
25943
25941
25938
25937
25936
25935
25934
25933
25932
25931
25930
25929
25928
25927
25926
25925
25924
25923
25922
25921
25920
25919
25918
25917
25916
25915
25914
25913
25912
25911
25910
25909
25906
25905
25904
25903
25902
25901
25900
25899
25898
25897
25896
25895
25894
25893
25892
25891
25890
25889
25888
25887
25886
25885
25884
25883
25882
25881
25880
25879
25878
25877
25876
25875
25874
25873
25872
25871
25870
25869
25868
25867
25866
25865
25864
25863
25862
25861
25860
25859
25858
25857
25856
25855
25854
25853
25852
25851
25850
25849
25848
25847
25846
25845
25844
25843
25842
25841
25840
25839
25837
25836
25835
25834
25833
25832
25831
25829
25828
25827
25826
25825
25824
25823
25822
25821
25820
25819
25818
25817
25816
25815
25814
25813
25812
25811
25810
25809
25808
25807
25806
25805
25804
25803
25802
25801
25800
25799
25798
25797
25796
25795
25794
25793
25792
25791
25790
25789
25788
25787
25785
25784
25783
25782
25781
25780
25779
25778
25777
25776
25775
25774
25773
25772
25771
25770
25769
25768
25767
25766
25765
25764
25763
25762
25761
25759
25758
25757
25756
25755
25754
25753
25752
25751
25750
25749
25748
25747
25746
25745
25744
25743
25742
25741
25740
25739
25738
25737
25736
25735
25734
25733
25732
25731
25730
25729
25728
25727
25726
25725
25724
25723
25722
25720
25719
25718
25717
25716
25715
25714
25713
25712
25711
25710
25709
25708
25707
25706
25704
25703
25702
25701
25700
25699
25698
25697
25696
25695
25694
25693
25692
25691
25690
25689
25688
25687
25686
25685
25684
25683
25682
25681
25680
25679
25678
25677
25675
25674
25673
25672
25670
25669
25668
25667
25666
25665
25664
25663
25662
25661
25660
25659
25658
25657
25656
25655
25654
25653
25652
25651
25650
25648
25647
25646
25645
25644
25643
25642
25641
25640
25639
25637
25636
25635
25634
25633
25632
25631
25630
25629
25628
25627
25626
25625
25624
25623
25622
25621
25619
25618
25617
25616
25615
25614
25613
25612
25611
25610
25607
25606
25605
25604
25602
25601
25600
25599
25598
25597
25596
25595
25594
25593
25592
25591
25590
25589
25588
25587
25586
25585
25584
25583
25582
25581
25580
25579
25578
25577
25575
25574
25573
25572
25571
25570
25569
25568
25567
25566
25565
25564
25563
25562
25561
25560
25559
25558
25557
25556
25555
25554
25553
25552
25551
25550
25549
25548
25547
25546
25545
25544
25543
25542
25541
25540
25539
25538
25537
25536
25535
25534
25533
25532
25531
25530
25529
25528
25527
25526
25525
25524
12593
12592
12591
12590
12589
12588
12586
12585
12584
12583
12582
12581
12579
12578
12577
12576
12575
12574
12573
12572
12571
12569
12568
12567
12564
12563
12562
12561
12560
12559
12557
12556
12555
12554
12553
12551
12550
12549
12548
12547
12546
12545
12544
12543
12542
12541
12539
12538
12537
12535
12534
12532
12531
12530
12529
12528
12527
12526
12525
12524
12523
12522
12521
12520
12519
12518
12517
12516
12515
12514
12513
12512
12511
12510
12509
12508
12507
12505
12503
12502
12501
12500
12499
12498
12496
12495
12494
12493
12492
12491
12490
12489
12488
12486
12485
12484
12483
12482
12481
12480
12479
12478
12477
12476
12474
12473
12471
12470
12468
12467
12466
12465
12464
12463
12462
12460
12459
12457
12456
12455
12454
12453
12452
12451
12450
12449
12448
12445
12444
12443
12442
12441
12440
12439
12438
12437
12436
12435
12434
12433
12432
12431
12430
12429
12428
12427
12426
12425
12424
12423
12422
12421
12420
12419
12418
12417
12416
12415
12414
12413
12412
12410
12409
12408
12407
12406
12405
12404
12403
12402
12401
12400
12399
12397
12396
12395
12394
12393
12392
12391
12390
12389
12388
12387
12385
12384
12383
12382
12381
12380
12379
12378
12377
12376
12375
12374
12373
12371
12370
12369
12368
12367
12366
12365
12364
12363
12362
12361
12360
12359
12358
12357
12356
12355
12354
12353
12352
12351
12350
12349
12348
12347
12346
12345
12344
12343
12341
12340
12338
12337
12336
12335
12333
12332
12331
12330
12328
12327
12326
12325
12324
12323
12322
12321
12320
12319
12318
12316
12315
12314
12313
12312
12310
12309
12308
12307
12306
12305
12304
12303
12300
12299
12298
12297
12295
12294
12293
12291
12290
12288
12287
12286
12285
12284
12283
12282
12281
12280
12279
12278
12277
12276
12275
12274
12273
12272
12268
12267
12266
12265
12264
12263
12262
12261
12260
12258
12257
12255
12254
12253
12252
12251
12250
12249
12248
12247
12246
12245
12244
12243
12242
12241
12240
12239
12238
12237
12236
12235
12234
12233
12232
12231
12227
12226
12225
12224
12223
12221
12220
12219
12218
12217
12216
12215
12214
12213
12210
12209
12208
12206
12205
12204
12203
12202
12201
12200
12199
12198
12197
12196
12195
12194
12192
12191
12190
12189
12188
12187
12186
12185
12184
12183
12182
12181
12180
12179
12178
12177
12176
12175
12174
12173
12172
12171
12170
12168
12167
12166
12165
12164
12163
12162
12161
12160
12159
12158
12157
12156
12153
12152
12151
12150
12149
12148
12147
12146
12145
12144
12143
12142
12141
12140
12139
12138
12137
12136
12135
12134
12133
12132
12131
12129
12128
12127
12126
12125
12124
12123
12122
12121
12120
12119
12116
12115
12114
12113
12112
12111
12110
12109
12108
12107
12106
12105
12104
12103
12102
12099
12098
12097
12096
12095
12094
12093
12092
12091
12090
12089
12088
12087
12086
12085
12084
12083
12082
12081
12080
12079
12078
12076
12075
12074
12073
12072
12071
12070
12069
12068
12067
12066
12064
12063
12062
12061
12060
12059
12058
12057
12056
12055
12054
12053
12052
12051
12050
12049
12048
12047
12046
12045
12044
12043
12042
12041
12040
12039
12038
12037
12036
12035
12034
12032
12031
12030
12029
12028
12027
12026
12025
12024
12023
12022
12021
12020
12018
12017
12016
12015
12014
12013
12011
12010
12009
12008
12007
12006
12005
12004
12003
12002
12001
12000
11999
11998
11997
11996
11995
11994
11993
11991
11989
11988
11987
11986
11985
11984
11983
11982
11981
11980
11978
11977
11976
11975
11974
11973
11972
11971
11970
11969
11968
11967
11966
11965
11964
11963
11962
11960
11959
11958
11957
11956
11955
11954
11953
11952
11951
11950
11949
11948
11947
11946
11945
11944
11943
11942
11941
11940
11939
11938
11937
11936
11935
11933
11932
11931
11930
11929
11928
11927
11926
11925
11924
11923
11922
11921
11920
11919
11918
11917
11916
11915
11914
11913
11912
11911
11909
11907
11905
11904
11903
11902
11900
11899
11898
11897
11896
11895
11894
11893
11892
11891
11890
11889
11888
11887
11885
11884
11883
11882
11881
11880
11879
11878
11877
11876
11875
11874
11873
11872
11871
11870
11869
11868
11867
11866
11865
11864
11863
11862
11861
11860
11859
11858
11857
11856
11855
11854
11853
11850
11849
11848
11847
11846
11845
11844
11843
11842
11841
11839
11838
11837
11836
11835
11834
11832
11831
11830
11829
11828
11827
11826
11825
11824
11823
11822
11821
11820
11819
11818
11817
11816
11815
11814
11813
11812
11811
11810
11809
11808
11807
11805
11804
11803
11802
11801
11800
11799
11798
11797
11795
11794
11793
11792
11791
11790
11789
11788
11787
11786
11785
11783
11782
11781
11780
11779
11778
11777
11776
11775
11774
11773
11772
11771
11770
11767
11766
11765
11764
11763
11762
11761
11760
11759
11758
11757
11756
11755
11754
11753
11752
11750
11749
11748
11747
11746
11745
11744
11741
11740
11739
11738
11737
11736
11735
11734
11733
11732
11731
11730
11729
11727
11726
11725
11724
11723
11722
11721
11720
11719
11718
11717
11715
11714
11713
11712
11711
11710
11709
11708
11707
11706
11705
11704
11703
11702
11701
11700
11699
11698
11696
11695
11694
11693
11692
11691
11690
11689
11688
11687
11686
11685
11684
11683
11682
11681
11680
11679
11678
11677
11676
11675
11674
11673
11672
11671
11670
11668
11666
11665
11664
11663
11662
11661
11660
11659
11658
11657
11656
11655
11654
11653
11652
11650
11647
11646
11645
11644
11643
11642
11641
11640
11639
11638
11637
11636
11635
11634
11633
11632
11631
11630
11629
11628
11627
11626
11625
11624
11623
11621
11620
11619
11618
11617
11616
11615
11614
11613
11612
11611
11609
11608
11607
11606
11605
11604
11603
11602
11601
11600
11599
11597
11596
11595
11594
11593
11592
11591
11590
11589
11588
11587
11586
11585
11584
11583
11582
11581
11580
11579
11578
11577
11576
11575
11574
11573
11572
11571
11570
11569
11568
11567
11566
11565
11564
11563
11562
11561
11560
11559
11558
11557
11556
11555
11554
11553
11552
11551
11550
11549
11548
11547
11546
11545
11544
11542
11541
11540
11539
11538
11537
11536
11535
11534
11533
11532
11531
11530
11529
11528
11527
11526
11525
11524
11523
11522
11521
11520
11519
11518
11517
11516
11515
11514
11513
11512
11511
11510
11509
11508
11507
11506
11505
11504
11503
11502
11501
11500
11499
11498
11497
11496
11495
11494
11493
11492
11491
11490
11489
11488
11487
11486
11485
11484
11483
11482
11481
11480
11479
11478
11477
11476
11475
11474
11473
11472
11470
11469
11468
11467
11466
11465
11464
11463
11461
11460
11459
11458
11457
11456
11454
11453
11452
11451
11450
11449
11448
11447
11446
11445
11444
11443
11442
11441
11440
11439
11437
11436
11435
11433
11432
11430
11429
11428
11427
11426
11425
11424
11423
11422
11421
11420
11419
11418
11417
11415
11414
11413
11412
11411
11410
11409
11408
11407
11406
11404
11403
11402
11401
11400
11398
11397
11396
11395
11393
11392
11391
11390
11389
11388
11387
11386
11385
11384
11383
11382
11381
11380
11379
11378
11377
11376
11375
11374
11373
11372
11371
11370
11369
11368
11367
11366
11365
11364
11363
11362
11361
11360
11359
11358
11357
11356
11355
11354
11353
11352
11351
11350
11349
11348
11347
11346
11345
11344
11343
11342
11341
11340
11338
11337
11336
11335
11334
11333
11332
11331
11330
11329
11328
11327
11326
11325
11324
11323
11322
11321
11320
11319
11318
11317
11316
11315
11314
11312
11311
11310
11309
11308
11307
11306
11305
11303
11302
11301
11299
11298
11297
11296
11295
11294
11293
11291
11290
11289
11288
11287
11286
11285
11284
11283
11282
11280
11279
11278
11277
11276
11275
11274
11273
11272
11271
11270
11269
11268
11267
11266
11265
11264
11263
11262
11261
11260
11259
11258
11257
11256
11255
11254
11253
11252
11251
11250
11249
11248
11247
11246
11245
11244
11242
11241
11239
11238
11237
11236
11235
11234
11233
11232
11231
11230
11229
11228
11227
11226
11224
11223
11222
11221
11220
11219
11218
11217
11216
11215
11214
11213
11212
11211
11210
11209
11208
11207
11206
11205
11204
11203
11202
11201
11200
11199
11198
11197
11196
11195
11194
11192
11191
11189
11188
11187
11186
11185
11184
11183
11182
11181
11180
11179
11178
11177
11176
11175
11174
11173
11172
11171
11170
11169
11168
11167
11165
11164
11163
11162
11161
11160
11159
11158
11157
11156
11155
11154
11153
11152
11150
11149
11148
11147
11146
11145
11144
11143
11142
11141
11140
11139
11138
11136
11135
11134
11133
11132
11131
11130
11129
11128
11127
11126
11125
11124
11123
11122
11121
11120
11119
11118
11117
11116
11115
11114
11113
11112
11111
11110
11109
11108
11107
11106
11105
11104
11103
11102
11101
11100
11099
11098
11097
11095
11094
11093
11092
11091
11090
11089
11088
11087
11086
11085
11084
11083
11082
11081
11080
11079
11078
11076
11075
11074
11072
11071
11070
11069
11068
11067
11066
11065
11064
11063
11062
11061
11060
11059
11058
11057
11056
11055
11054
11053
11052
11051
11050
11049
11048
11047
11046
11045
11044
11042
11041
11040
11039
11038
11037
11036
11035
11034
11033
11032
11031
11030
11029
11028
11027
11026
11025
11024
11023
11021
11020
11019
11017
11016
11015
11013
11012
11011
11010
11009
11008
11007
11006
11005
11004
11003
11002
11001
11000
10999
10998
10997
10996
10995
10994
10993
10992
10991
10990
10989
10987
10986
10985
10984
10983
10981
10980
10979
10978
10977
10976
10975
10974
10973
10972
10971
10970
10969
10968
10967
10966
10965
10964
10963
10962
10961
10960
10959
10958
10957
10956
10955
10954
10953
10952
10951
10950
10949
10948
10947
10946
10945
10944
10943
10942
10941
10939
10937
10936
10935
10934
10933
10932
10931
10930
10929
10928
10927
10926
10925
10924
10923
10922
10921
10919
10917
10916
10915
10914
10913
10912
10911
10910
10909
10908
10907
10906
10905
10904
10903
10902
10901
10899
10898
10897
10896
10895
10894
10893
10892
10891
10890
10889
10888
10887
10886
10885
10884
10882
10881
10880
10879
10878
10877
10876
10875
10874
10873
10872
10871
10870
10869
10868
10867
10866
10865
10864
10863
10862
10861
10860
10859
10858
10857
10856
10855
10854
10852
10850
10849
10848
10847
10846
10845
10844
10843
10842
10841
10840
10839
10838
10837
10836
10835
10834
10833
10832
10831
10830
10829
10828
10827
10826
10825
10824
10823
10821
10820
10818
10817
10816
10815
10814
10813
10812
10811
10809
10808
10806
10805
10803
10802
10801
10800
10799
10798
10797
10796
10795
10794
10793
10792
10791
10790
10789
10788
10787
10786
10785
10784
10783
10782
10781
10780
10777
10775
10774
10773
10772
10771
10770
10769
10768
10767
10766
10765
10764
10763
10762
10761
10760
10759
10758
10757
10756
10755
10754
10753
10752
10751
10750
10749
10748
10747
10745
10744
10743
10742
10741
10740
10739
10738
10737
10736
10735
10734
10733
10732
10731
10730
10729
10728
10726
10725
10724
10723
10722
10721
10720
10719
10718
10717
10716
10714
10713
10712
10711
10710
10709
10708
10707
10706
10705
10704
10702
10701
10700
10699
10698
10697
10696
10695
10693
10692
10691
10690
10689
10688
10687
10686
10685
10684
10683
10682
10681
10679
10678
10677
10676
10675
10674
10673
10672
10671
10670
10669
10668
10667
10666
10665
10664
10663
10662
10661
10660
10659
10658
10657
10656
10655
10654
10653
10652
10651
10650
10649
10648
10647
10646
10645
10644
10643
10642
10641
10640
10639
10638
10637
10636
10635
10634
10633
10632
10631
10630
10629
10628
10627
10626
10625
10624
10623
10622
10621
10620
10618
10617
10616
10615
10614
10613
10611
10610
10609
10608
10607
10606
10605
10604
10603
10602
10601
10600
10599
10598
10597
10596
10595
10594
10593
10592
10591
10590
10589
10588
10587
10586
10585
10584
10583
10582
10581
10580
10579
10578
10577
10576
10574
10573
10572
10571
10570
10569
10568
10567
10564
10563
10562
10561
10560
10559
10558
10557
10556
10555
10554
10553
10552
10551
10550
10549
10548
10547
10546
10545
10544
10543
10542
10540
10539
10538
10537
10536
10535
10534
10533
10532
10531
10530
10529
10528
10527
10526
10525
10524
10523
10522
10521
10520
10519
10518
10517
10516
10515
10514
10513
10512
10511
10510
10509
10508
10507
10506
10505
10504
10503
10502
10501
10500
10499
10498
10497
10495
10494
10493
10492
10490
10489
10488
10487
10486
10485
10484
10483
10482
10481
10480
10479
10478
10477
10476
10475
10474
10473
10472
10471
10470
10469
10468
10467
10466
10465
10464
10463
10462
10461
10460
10459
10458
10457
10456
10455
10454
10453
10452
10451
10450
10449
10448
10447
10446
10445
10444
10443
10442
10440
10439
10438
10436
10434
10433
10432
10431
10430
10429
10428
10427
10426
10425
10424
10423
10422
10421
10420
10419
10418
10417
10416
10415
10414
10413
10412
10411
10410
10409
10408
10407
10406
10405
10404
10403
10402
10401
10400
10399
10398
10397
10396
10395
10394
10393
10391
10390
10389
10388
10387
10386
10385
10383
10381
10380
10379
10378
10377
10376
10375
10373
10372
10371
10370
10369
10368
10367
10366
10365
10364
10363
10362
10361
10360
10359
10358
10357
10356
10355
10354
10353
10352
10351
10350
10349
10348
10347
10346
10345
10344
10343
10342
10341
10340
10339
10338
10337
10336
10335
10334
10333
10332
10331
10330
10329
10328
10327
10326
10324
10323
10321
10320
10319
10318
10317
10316
10312
10311
10310
10309
10308
10307
10305
10304
10303
10302
10301
10300
10299
10298
10297
10296
10295
10294
10293
10292
10291
10290
10289
10288
10287
10286
10285
10284
10282
10281
10280
10278
10277
10276
10275
10274
10273
10272
10271
10270
10269
10268
10267
10266
10265
10264
10263
10262
10261
10260
10259
10258
10257
10256
10255
10254
10253
10252
10251
10250
10249
10248
10247
10246
10245
10244
10243
10242
10241
10240
10239
10238
10237
10236
10235
10234
10233
10232
10231
10230
10229
10228
10226
10225
10224
10223
10222
10221
10220
10219
10218
10217
10216
10215
10214
10213
10212
10211
10210
10209
10208
10207
10206
10205
10204
10203
10202
10201
10200
10199
10198
10197
10195
10194
10192
10191
10190
10188
10187
10186
10185
10184
10183
10182
10181
10180
10179
10178
10177
10176
10175
10174
10173
10172
10171
10170
10169
10168
10167
10166
10165
10164
10163
10162
10160
10159
10158
10157
10156
10155
10154
10151
10150
10149
10148
10147
10146
10145
10144
10143
10142
10140
10139
10138
10137
10136
10135
10134
10133
10132
10130
10129
10128
10127
10126
10125
10124
10123
10122
10121
10120
10118
10117
10116
10115
10114
10113
10112
10111
10110
10109
10108
10107
10106
10104
10103
10102
10101
10099
10098
10097
10096
10095
10094
10093
10092
10091
10090
10089
10088
10086
10085
10084
10083
10082
10081
10080
10079
10078
10077
10076
10075
10074
10073
10072
10071
10070
10069
10068
10067
10066
10064
10063
10062
10061
10060
10059
10058
10057
10056
10055
10054
10053
10052
10051
10050
10049
10048
10047
10046
10045
10044
10043
10042
10041
10040
10039
10038
10037
10036
10035
10033
10032
10031
10030
10029
10028
10027
10026
10025
10024
10023
10022
10021
10019
10018
10017
10016
10015
10014
10013
10012
10011
10010
10009
10008
10007
10006
10005
10004
10003
10002
10001
10000
9999
9998
9997
9996
9995
9994
9993
9992
9991
9990
9988
9987
9986
9985
9984
9983
9982
9981
9980
9979
9978
9977
9976
9975
9973
9972
9971
9970
9969
9968
9967
9966
9965
9963
9962
9961
9960
9959
9958
9957
9956
9955
9954
9953
9952
9951
9950
9949
9948
9947
9946
9945
9944
9943
9942
9941
9940
9939
9938
9937
9936
9935
9934
9933
9932
9931
9930
9929
9928
9927
9926
9923
9922
9921
9920
9919
9918
9917
9916
9914
9913
9912
9910
9909
9908
9907
9906
9904
9902
9901
9900
9899
9896
9895
9894
9893
9892
9891
9890
9889
9888
9887
9886
9885
9884
9883
9882
9881
9880
9879
9878
9877
9876
9875
9874
9873
9872
9871
9870
9869
9868
9867
9866
9865
9864
9863
9862
9861
9860
9859
9858
9857
9856
9855
9854
9853
9852
9851
9850
9849
9848
9847
9846
9845
9844
9843
9842
9840
9839
9838
9837
9836
9835
9834
9833
9832
9831
9830
9829
9828
9827
9826
9825
9824
9823
9822
9821
9820
9819
9818
9817
9816
9815
9814
9813
9812
9811
9810
9809
9808
9807
9806
9805
9804
9803
9802
9801
9800
9799
9798
9797
9796
9795
9794
9793
9791
9789
9788
9787
9786
9785
9784
9783
9782
9780
9779
9777
9776
9775
9774
9773
9772
9771
9770
9769
9768
9767
9766
9765
9764
9763
9762
9761
9760
9759
9758
9757
9756
9755
9754
9753
9752
9751
9750
9749
9746
9745
9744
9742
9741
9740
9739
9738
9737
9736
9735
9734
9733
9732
9731
9730
9729
9728
9727
9726
9725
9724
9723
9722
9721
9720
9719
9718
9717
9716
9715
9714
9713
9712
9711
9710
9709
9708
9707
9706
9705
9704
9703
9702
9701
9700
9699
9697
9696
9695
9694
9693
9692
9691
9690
9689
9688
9687
9686
9685
9684
9683
9682
9681
9680
9679
9678
9677
9676
9674
9673
9672
9671
9670
9669
9668
9667
9666
9665
9663
9662
9660
9659
9658
9657
9656
9655
9654
9653
9652
9650
9649
9648
9647
9646
9645
9644
9643
9642
9641
9640
9639
9638
9637
9636
9635
9634
9633
9632
9631
9630
9629
9627
9626
9625
9624
9623
9622
9621
9620
9619
9618
9617
9616
9615
9614
9613
9612
9611
9610
9609
9608
9607
9606
9604
9603
9602
9601
9600
9599
9598
9597
9596
9594
9593
9592
9591
9590
9589
9588
9587
9586
9585
9584
9583
9582
9581
9580
9579
9578
9577
9576
9575
9574
9573
9572
9571
9570
9569
9568
9567
9566
9565
9564
9562
9561
9560
9559
9558
9557
9556
9555
9554
9553
9552
9550
9549
9548
9547
9546
9545
9544
9543
9542
9540
9539
9538
9537
9536
9535
9533
9532
9531
9529
9528
9527
9526
9525
9523
9522
9521
9520
9519
9518
9516
9515
9514
9513
9512
9510
9509
9508
9507
9506
9505
9503
9501
9500
9498
9497
9496
9495
9494
9493
9492
9491
9490
9488
9487
9486
9485
9484
9483
9482
9481
9480
9479
9478
9477
9475
9474
9473
9472
9471
9470
9469
9468
9467
9466
9464
9463
9462
9461
9460
9459
9458
9456
9455
9454
9453
9452
9451
9450
9449
9448
9447
9446
9445
9444
9443
9442
9441
9440
9439
9438
9437
9436
9435
9434
9433
9432
9431
9430
9429
9428
9427
9426
9425
9424
9423
9422
9421
9418
9417
9416
9415
9414
9413
9412
9411
9410
9409
9408
9406
9405
9404
9403
9402
9400
9399
9398
9397
9396
9395
9394
9393
9392
9391
9390
9389
9388
9386
9385
9384
9383
9382
9381
9380
9379
9378
9377
9376
9375
9374
9373
9372
9371
9370
9369
9368
9367
9366
9365
9364
9363
9362
9361
9360
9359
9358
9357
9356
9355
9354
9353
9352
9351
9350
9349
9348
9347
9346
9345
9344
9343
9342
9341
9340
9339
9338
9337
9336
9335
9334
9333
9332
9331
9330
9329
9327
9326
9325
9324
9323
9322
9321
9320
9319
9317
9315
9314
9313
9312
9311
9310
9309
9308
9307
9306
9305
9304
9303
9300
9299
9298
9296
9295
9294
9293
9292
9291
9290
9289
9288
9287
9286
9285
9284
9283
9282
9281
9280
9279
9278
9277
9276
9275
9274
9272
9271
9270
9269
9268
9267
9266
9265
9264
9263
9262
9261
9260
9259
9258
9257
9256
9255
9254
9253
9252
9249
9248
9247
9246
9245
9244
9243
9242
9241
9240
9239
9238
9237
9236
9234
9233
9232
9231
9229
9228
9227
9226
9225
9224
9223
9222
9221
9219
9218
9217
9216
9215
9214
9213
9212
9211
9210
9209
9208
9207
9206
9205
9204
9203
9202
9201
9200
9199
9198
9197
9196
9195
9194
9193
9192
9191
9190
9189
9188
9187
9186
9185
9184
9183
9182
9181
9180
9178
9177
9176
9175
9174
9173
9171
9170
9168
9167
9166
9165
9163
9162
9161
9160
9158
9157
9156
9155
9154
9152
9151
9150
9149
9148
9147
9146
9145
9144
9143
9142
9141
9140
9139
9138
9137
9136
9135
9134
9133
9132
9131
9130
9129
9127
9126
9124
9123
9122
9120
9119
9118
9117
9116
9115
9114
9113
9112
9111
9110
9109
9108
9106
9105
9104
9100
9098
9097
9096
9095
9094
9093
9092
9091
9090
9088
9087
9086
9085
9084
9083
9082
9081
9079
9078
9077
9076
9075
9074
9073
9072
9071
9070
9069
9068
9067
9066
9064
9063
9062
9061
9059
9057
9056
9055
9054
9053
9052
9051
9050
9049
9048
9047
9046
9045
9044
9043
9042
9041
9040
9039
9038
9037
9036
9035
9034
9033
9032
9031
9030
9029
9028
9027
9026
9025
9024
9023
9022
9021
9020
9016
9015
9014
9013
9012
9011
9010
9009
9008
9007
9005
9003
9002
9001
9000
8999
8998
8997
8996
8995
8994
8993
8992
8991
8990
8989
8988
8987
8986
8985
8984
8983
8982
8981
8980
8979
8978
8977
8975
8974
8973
8972
8971
8970
8969
8968
8967
8965
8964
8963
8962
8961
8960
8959
8958
8957
8956
8955
8954
8953
8952
8951
8950
8949
8948
8947
8946
8945
8944
8943
8942
8941
8940
8939
8937
8936
8935
8934
8933
8932
8930
8929
8928
8927
8926
8925
8924
8923
8922
8921
8920
8919
8918
8917
8916
8915
8914
8913
8912
8911
8910
8909
8908
8907
8906
8905
8903
8902
8901
8900
8899
8898
8897
8896
8895
8894
8893
8892
8891
8890
8889
8888
8886
8885
8884
8883
8882
8881
8880
8879
8877
8876
8875
8874
8873
8871
8870
8869
8868
8867
8866
8865
8864
8863
8862
8861
8860
8859
8858
8857
8856
8855
8854
8853
8852
8851
8850
8849
8848
8847
8845
8844
8843
8842
8841
8840
8837
8836
8835
8834
8833
8832
8831
8830
8829
8828
8827
8826
8825
8824
8823
8822
8821
8820
8818
8817
8816
8815
8813
8812
8811
8810
8809
8808
8807
8806
8805
8804
8803
8802
8801
8800
8799
8797
8796
8794
8793
8792
8789
8788
8787
8785
8784
8783
8782
8781
8780
8779
8778
8777
8776
8775
8774
8773
8772
8771
8770
8769
8768
8767
8764
8763
8762
8761
8760
8759
8758
8757
8756
8755
8754
8753
8752
8751
8750
8749
8748
8747
8746
8745
8744
8743
8742
8741
8740
8739
8738
8737
8736
8735
8734
8733
8732
8731
8730
8729
8728
8727
8726
8724
8723
8722
8721
8720
8719
8718
8717
8716
8715
8714
8713
8712
8711
8710
8709
8708
8707
8706
8704
8703
8702
8700
8699
8698
8697
8696
8694
8693
8692
8691
8690
8689
8688
8687
8686
8685
8684
8683
8682
8681
8680
8679
8678
8677
8676
8675
8674
8673
8672
8671
8670
8669
8667
8666
8665
8664
8663
8661
8660
8659
8658
8657
8656
8655
8654
8653
8652
8651
8650
8649
8648
8647
8646
8645
8644
8643
8642
8641
8640
8639
8638
8637
8636
8635
8634
8633
8631
8629
8627
8626
8625
8624
8623
8622
8621
8620
8619
8618
8617
8616
8615
8614
8613
8612
8611
8610
8609
8608
8607
8606
8605
8604
8603
8602
8601
8600
8599
8598
8596
8595
8594
8593
8592
8591
8590
8589
8588
8587
8586
8585
8584
8583
8582
8581
8580
8579
8578
8577
8576
8575
8574
8573
8572
8571
8570
8569
8568
8565
8564
8563
8562
8561
8560
8559
8558
8557
8556
8554
8553
8552
8551
8550
8549
8548
8547
8546
8545
8544
8543
8542
8541
8540
8539
8538
8537
8536
8535
8534
8533
8532
8531
8530
8529
8528
8527
8526
8525
8524
8523
8522
8521
8520
8519
8518
8516
8515
8512
8510
8509
8508
8507
8505
8504
8502
8501
8500
8499
8498
8497
8496
8495
8494
8493
8492
8491
8490
8489
8488
8487
8486
8485
8484
8483
8482
8481
8480
8479
8478
8477
8476
8475
8474
8473
8472
8471
8470
8469
8468
8467
8466
8465
8464
8463
8462
8461
8460
8459
8458
8457
8456
8455
8454
8453
8452
8451
8450
8449
8448
8446
8445
8444
8443
8442
8441
8440
8439
8438
8437
8436
8435
8434
8433
8432
8431
8430
8429
8428
8427
8426
8425
8424
8422
8421
8420
8419
8418
8417
8416
8415
8414
8412
8411
8410
8409
8408
8407
8406
8405
8404
8403
8402
8401
8400
8399
8398
8397
8396
8394
8393
8392
8391
8390
8389
8387
8386
8385
8384
8383
8382
8381
8380
8379
8378
8377
8376
8375
8374
8373
8372
8371
8370
8369
8368
8367
8366
8365
8364
8363
8362
8361
8358
8356
8354
8353
8352
8351
8350
8349
8348
8347
8346
8344
8343
8342
8341
8340
8339
8338
8337
8336
8335
8334
8333
8332
8331
8329
8328
8327
8326
8325
8323
8321
8320
8319
8318
8317
8316
8315
8314
8313
8312
8311
8310
8308
8306
8305
8304
8303
8302
8301
8300
8299
8298
8297
8296
8295
8294
8293
8292
8291
8290
8289
8288
8287
8286
8285
8284
8283
8282
8281
8280
8279
8278
8277
8276
8273
8272
8271
8270
8269
8267
8266
8265
8264
8263
8262
8261
8260
8259
8258
8257
8256
8255
8253
8252
8251
8250
8249
8248
8247
8246
8245
8244
8243
8242
8241
8240
8239
8238
8237
8236
8235
8234
8233
8232
8231
8230
8228
8226
8225
8223
8222
8221
8220
8217
8216
8215
8214
8213
8212
8210
8209
8208
8206
8205
8204
8203
8202
8201
8200
8199
8198
8197
8196
8195
8194
8193
8192
8191
8189
8188
8187
8186
8185
8184
8183
8182
8181
8180
8179
8178
8177
8176
8175
8174
8173
8172
8171
8170
8169
8168
8167
8165
8164
8163
8162
8160
8159
8158
8157
8156
8155
8154
8153
8151
8150
8149
8148
8147
8146
8144
8143
8142
8140
8138
8137
8136
8135
8134
8133
8132
8131
8129
8128
8127
8125
8124
8123
8122
8121
8120
8119
8118
8116
8115
8114
8113
8112
8111
8110
8109
8108
8107
8106
8105
8104
8103
8102
8101
8100
8099
8098
8097
8096
8095
8094
8093
8092
8091
8089
8088
8087
8086
8085
8084
8083
8082
8081
8080
8079
8078
8077
8076
8075
8074
8073
8072
8071
8070
8069
8068
8067
8066
8065
8063
8062
8061
8060
8058
8056
8055
8054
8053
8052
8051
8050
8049
8048
8047
8045
8044
8042
8041
8040
8039
8038
8037
8036
8035
8034
8033
8032
8031
8029
8028
8027
8026
8025
8024
8023
8022
8021
8020
8019
8018
8017
8016
8013
8011
8010
8009
8008
8007
8006
8005
8004
8003
8002
8001
8000
7999
7998
7997
7996
7995
7994
7993
7992
7991
7990
7989
7988
7987
7986
7985
7982
7981
7980
7979
7978
7977
7976
7975
7974
7972
7971
7970
7969
7968
7967
7966
7965
7964
7963
7962
7961
7960
7959
7957
7956
7955
7954
7953
7952
7951
7950
7949
7948
7947
7946
7945
7944
7943
7942
7941
7940
7939
7938
7937
7936
7935
7933
7932
7931
7930
7928
7926
7925
7924
7922
7921
7920
7919
7918
7917
7916
7915
7914
7913
7912
7911
7910
7909
7908
7907
7906
7905
7904
7903
7902
7901
7900
7899
7898
7897
7896
7895
7894
7893
7892
7891
7890
7889
7888
7887
7886
7885
7884
7883
7882
7880
7879
7878
7877
7876
7875
7874
7873
7872
7871
7870
7869
7866
7865
7864
7863
7862
7861
7860
7859
7858
7857
7856
7855
7854
7853
7852
7851
7850
7849
7847
7846
7845
7843
7842
7841
7840
7839
7838
7837
7836
7835
7834
7833
7832
7831
7830
7829
7828
7827
7826
7825
7824
7823
7822
7821
7820
7819
7818
7817
7816
7814
7813
7812
7811
7810
7809
7808
7807
7806
7805
7804
7803
7802
7801
7800
7799
7798
7797
7796
7795
7794
7793
7792
7791
7790
7789
7788
7786
7785
7784
7783
7781
7780
7779
7778
7777
7776
7775
7774
7773
7771
7770
7768
7767
7765
7764
7763
7762
7761
7760
7759
7758
7757
7756
7755
7753
7752
7751
7750
7749
7748
7747
7746
7745
7744
7743
7742
7741
7740
7739
7738
7737
7736
7735
7734
7733
7732
7731
7729
7728
7726
7725
7724
7723
7721
7720
7719
7717
7716
7715
7714
7713
7712
7709
7708
7707
7706
7705
7704
7703
7702
7701
7700
7699
7698
7697
7696
7695
7694
7693
7692
7690
7689
7688
7687
7686
7685
7684
7683
7681
7680
7679
7678
7677
7676
7675
7674
7673
7672
7671
7670
7669
7668
7667
7666
7665
7664
7663
7662
7661
7660
7659
7658
7657
7656
7655
7654
7653
7652
7651
7650
7649
7648
7647
7646
7645
7644
7643
7642
7641
7640
7639
7638
7637
7635
7634
7633
7632
7631
7630
7629
7628
7627
7626
7625
7624
7623
7622
7621
7619
7618
7617
7616
7615
7614
7611
7610
7609
7608
7607
7606
7605
7604
7603
7601
7600
7599
7598
7597
7596
7595
7594
7593
7592
7591
7590
7589
7588
7586
7585
7584
7583
7582
7581
7580
7579
7577
7576
7575
7574
7572
7571
7570
7569
7568
7567
7566
7565
7564
7563
7562
7561
7560
7559
7558
7557
7556
7555
7554
7553
7552
7551
7550
7549
7548
7547
7546
7545
7544
7542
7541
7540
7539
7538
7537
7536
7535
7534
7532
7531
7530
7529
7528
7527
7526
7525
7523
7522
7521
7520
7519
7518
7517
7516
7515
7514
7513
7512
7511
7510
7509
7508
7507
7506
7505
7504
7503
7502
7500
7498
7497
7496
7495
7494
7493
7492
7491
7490
7489
7488
7487
7486
7485
7484
7483
7482
7481
7480
7479
7478
7477
7476
7474
7472
7471
7470
7469
7467
7466
7465
7463
7462
7461
7460
7459
7458
7456
7455
7454
7453
7452
7451
7450
7449
7448
7447
7446
7445
7444
7443
7442
7441
7440
7438
7437
7435
7434
7433
7431
7430
7428
7427
7426
7425
7424
7423
7422
7421
7420
7419
7418
7417
7416
7415
7414
7413
7412
7411
7410
7409
7408
7407
7406
7405
7404
7403
7402
7401
7399
7398
7397
7396
7395
7394
7393
7392
7391
7390
7389
7388
7387
7386
7385
7382
7381
7380
7379
7378
7377
7376
7375
7373
7372
7371
7370
7369
7368
7367
7366
7365
7364
7363
7362
7361
7360
7359
7358
7357
7356
7354
7352
7351
7350
7349
7348
7347
7346
7345
7344
7343
7342
7341
7340
7339
7338
7337
7335
7334
7333
7332
7331
7330
7329
7328
7327
7325
7324
7323
7322
7321
7320
7319
7318
7317
7316
7315
7314
7313
7312
7311
7310
7309
7308
7307
7306
7305
7304
7303
7301
7299
7298
7297
7296
7295
7293
7292
7291
7290
7289
7288
7286
7284
7283
7282
7281
7280
7279
7278
7277
7276
7275
7274
7273
7272
7271
7270
7269
7268
7266
7265
7264
7263
7262
7261
7260
7259
7258
7257
7256
7255
7253
7252
7251
7250
7249
7248
7247
7246
7245
7244
7243
7242
7239
7238
7237
7236
7235
7233
7232
7231
7230
7229
7228
7227
7226
7225
7224
7223
7222
7221
7220
7219
7218
7216
7214
7213
7212
7211
7210
7208
7207
7206
7205
7204
7203
7202
7201
7200
7199
7198
7197
7196
7195
7194
7193
7192
7191
7190
7189
7188
7187
7186
7185
7184
7183
7182
7181
7180
7179
7178
7177
7176
7174
7172
7171
7170
7168
7167
7166
7165
7164
7163
7162
7161
7160
7159
7158
7157
7156
7155
7154
7153
7152
7151
7150
7149
7148
7147
7146
7145
7144
7143
7142
7141
7140
7138
7137
7136
7135
7134
7133
7132
7131
7130
7129
7127
7125
7124
7123
7122
7121
7120
7119
7118
7117
7114
7113
7112
7110
7109
7106
7105
7104
7103
7102
7101
7100
7098
7097
7096
7095
7094
7093
7092
7091
7090
7089
7088
7087
7086
7085
7084
7083
7082
7081
7080
7079
7078
7077
7076
7075
7074
7073
7072
7071
7070
7069
7068
7066
7065
7064
7063
7062
7061
7060
7059
7058
7057
7056
7055
7054
7053
7052
7051
7050
7049
7048
7047
7046
7045
7043
7042
7041
7040
7039
7038
7037
7036
7035
7034
7033
7032
7031
7030
7029
7028
7027
7025
7024
7023
7022
7021
7020
7019
7018
7017
7016
7015
7013
7012
7010
7009
7008
7007
7006
7004
7003
7002
7001
6999
6997
6995
6994
6993
6992
6990
6989
6988
6987
6986
6985
6984
6983
6982
6981
6980
6979
6978
6977
6976
6975
6974
6973
6972
6971
6970
6969
6968
6967
6966
6965
6964
6963
6962
6961
6960
6959
6958
6957
6955
6954
6953
6952
6951
6950
6949
6948
6947
6945
6944
6943
6942
6941
6940
6939
6938
6937
6936
6934
6933
6932
6931
6930
6929
6928
6927
6926
6925
6924
6923
6922
6921
6920
6919
6918
6917
6916
6915
6914
6913
6911
6910
6909
6908
6907
6906
6905
6904
6903
6902
6900
6899
6898
6897
6896
6895
6894
6893
6892
6891
6890
6889
6888
6887
6886
6885
6884
6883
6882
6881
6880
6879
6878
6877
6876
6875
6874
6873
6872
6871
6870
6868
6867
6866
6865
6864
6863
6862
6861
6860
6859
6858
6857
6855
6854
6853
6851
6850
6848
6847
6846
6845
6844
6843
6842
6841
6840
6839
6838
6837
6836
6835
6834
6833
6832
6831
6830
6828
6827
6826
6825
6824
6823
6822
6821
6820
6819
6818
6817
6816
6815
6814
6813
6812
6811
6810
6809
6808
6807
6806
6805
6804
6803
6802
6801
6800
6799
6798
6797
6796
6795
6794
6793
6792
6791
6790
6789
6787
6786
6785
6784
6783
6782
6781
6780
6779
6778
6777
6776
6775
6774
6773
6772
6771
6770
6769
6768
6767
6766
6765
6764
6762
6760
6759
6758
6757
6756
6755
6754
6753
6752
6751
6750
6749
6748
6747
6746
6745
6744
6743
6742
6741
6740
6739
6738
6737
6736
6735
6734
6733
6732
6731
6730
6729
6728
6727
6726
6725
6723
6722
6720
6719
6718
6717
6716
6715
6714
6713
6712
6711
6710
6708
6707
6706
6704
6703
6702
6701
6700
6699
6698
6697
6696
6695
6693
6692
6691
6690
6689
6688
6687
6686
6685
6684
6683
6682
6681
6680
6679
6678
6677
6676
6675
6674
6673
6671
6670
6669
6668
6667
6666
6665
6664
6662
6661
6660
6659
6658
6657
6656
6655
6654
6653
6651
6650
6649
6648
6647
6646
6645
6644
6643
6642
6640
6639
6638
6637
6636
6635
6634
6633
6632
6631
6630
6629
6628
6627
6626
6625
6624
6623
6622
6621
6620
6619
6618
6617
6616
6615
6614
6613
6612
6611
6610
6608
6607
6606
6605
6604
6603
6602
6601
6600
6599
6598
6597
6596
6595
6594
6593
6592
6591
6590
6589
6588
6587
6586
6585
6584
6583
6582
6581
6580
6579
6578
6577
6576
6575
6574
6573
6572
6571
6570
6569
6568
6567
6566
6565
6564
6563
6562
6561
6560
6559
6558
6557
6555
6554
6553
6552
6551
6550
6549
6548
6547
6546
6545
6544
6543
6542
6541
6540
6539
6538
6537
6536
6535
6534
6533
6531
6530
6529
6528
6527
6526
6525
6524
6523
6522
6521
6520
6519
6518
6517
6516
6515
6514
6512
6511
6510
6509
6508
6507
6506
6505
6504
6503
6502
6501
6500
6498
6495
6494
6493
6492
6491
6490
6489
6488
6486
6485
6484
6483
6482
6481
6480
6479
6478
6477
6476
6475
6474
6473
6472
6471
6470
6469
6468
6467
6466
6465
6464
6463
6462
6461
6459
6458
6457
6456
6455
6454
6452
6451
6450
6449
6448
6447
6446
6445
6444
6443
6442
6441
6440
6439
6437
6435
6434
6433
6432
6431
6430
6429
6428
6426
6425
6424
6423
6422
6421
6420
6419
6417
6416
6415
6414
6413
6411
6409
6408
6407
6406
6405
6404
6403
6402
6401
6400
6399
6398
6397
6395
6394
6393
6392
6390
6388
6387
6386
6385
6384
6383
6382
6381
6380
6378
6377
6376
6375
6374
6373
6372
6371
6370
6369
6368
6367
6366
6365
6364
6363
6362
6361
6360
6359
6358
6357
6356
6354
6352
6351
6350
6349
6348
6347
6345
6344
6343
6342
6341
6340
6339
6337
6336
6335
6334
6333
6332
6331
6330
6329
6328
6327
6326
6325
6324
6323
6322
6321
6320
6319
6318
6317
6316
6315
6313
6312
6311
6310
6309
6308
6307
6306
6304
6303
6302
6301
6300
6299
6298
6297
6296
6295
6294
6293
6292
6291
6290
6289
6287
6286
6285
6284
6283
6282
6281
6280
6279
6278
6277
6275
6274
6273
6272
6270
6269
6268
6267
6266
6265
6264
6263
6262
6261
6260
6259
6258
6257
6256
6255
6254
6253
6252
6251
6250
6249
6248
6247
6246
6245
6244
6243
6242
6241
6240
6239
6238
6237
6235
6234
6233
6232
6231
6230
6229
6228
6227
6226
6225
6224
6223
6222
6221
6220
6219
6217
6216
6215
6214
6213
6212
6211
6210
6209
6208
6207
6206
6205
6204
6203
6202
6200
6197
6196
6195
6194
6193
6192
6190
6189
6187
6186
6185
6184
6183
6182
6181
6180
6179
6178
6177
6176
6175
6174
6173
6172
6171
6170
6169
6168
6167
6166
6165
6164
6163
6162
6161
6160
6159
6158
6157
6156
6155
6154
6152
6151
6150
6149
6148
6147
6146
6145
6144
6143
6142
6141
6140
6138
6137
6135
6134
6133
6132
6131
6130
6129
6128
6127
6126
6125
6124
6123
6122
6121
6120
6119
6118
6116
6115
6114
6113
6112
6111
6110
6109
6108
6107
6106
6105
6104
6103
6102
6101
6099
6098
6096
6095
6094
6092
6091
6090
6089
6088
6087
6085
6084
6083
6082
6081
6080
6079
6078
6077
6076
6075
6074
6071
6070
6069
6068
6066
6065
6064
6062
6061
6060
6058
6057
6056
6055
6054
6053
6052
6051
6050
6049
6048
6047
6046
6045
6044
6043
6042
6041
6040
6039
6038
6037
6036
6035
6034
6033
6032
6031
6029
6028
6027
6026
6025
6024
6023
6022
6021
6020
6019
6017
6015
6014
6013
6012
6011
6010
6009
6008
6007
6006
6005
6004
6003
6002
6001
6000
5999
5998
5997
5996
5995
5994
5993
5992
5991
5990
5989
5987
5986
5985
5984
5983
5982
5981
5980
5979
5978
5977
5976
5975
5974
5973
5972
5971
5970
5969
5968
5967
5966
5965
5964
5962
5960
5959
5957
5956
5955
5954
5953
5952
5950
5949
5948
5947
5946
5945
5944
5943
5942
5941
5940
5939
5938
5937
5936
5935
5934
5933
5932
5931
5930
5929
5928
5927
5926
5925
5924
5923
5922
5921
5920
5919
5918
5917
5916
5915
5914
5912
5911
5910
5909
5908
5906
5905
5904
5903
5902
5900
5899
5898
5897
5896
5895
5894
5893
5892
5891
5890
5889
5888
5887
5886
5885
5884
5883
5882
5881
5880
5879
5878
5877
5875
5874
5873
5872
5870
5869
5868
5867
5866
5865
5864
5863
5862
5861
5860
5859
5858
5857
5856
5855
5853
5852
5851
5850
5849
5847
5846
5845
5844
5843
5842
5841
5840
5839
5837
5836
5835
5834
5833
5832
5831
5830
5829
5828
5827
5826
5825
5824
5823
5822
5821
5820
5819
5818
5817
5816
5815
5814
5813
5812
5811
5810
5809
5808
5807
5806
5805
5804
5803
5802
5801
5800
5799
5797
5796
5795
5794
5793
5792
5791
5790
5789
5788
5787
5786
5785
5784
5783
5782
5781
5780
5779
5778
5777
5776
5775
5774
5773
5772
5771
5770
5769
5768
5767
5766
5765
5764
5763
5762
5761
5760
5759
5758
5757
5756
5755
5754
5753
5752
5751
5750
5749
5748
5746
5745
5744
5743
5742
5740
5738
5737
5736
5735
5734
5733
5732
5731
5730
5729
5728
5727
5726
5725
5724
5723
5722
5721
5719
5718
5717
5716
5715
5714
5713
5712
5711
5709
5708
5707
5705
5704
5703
5702
5699
5698
5697
5696
5695
5694
5693
5692
5691
5690
5689
5688
5687
5686
5685
5684
5682
5681
5680
5679
5678
5677
5676
5675
5674
5673
5672
5671
5670
5669
5668
5667
5666
5665
5664
5663
5662
5661
5660
5659
5658
5657
5656
5655
5654
5653
5652
5651
5650
5649
5648
5647
5646
5645
5644
5643
5642
5641
5640
5639
5638
5637
5636
5635
5634
5633
5632
5631
5630
5629
5628
5626
5625
5624
5623
5622
5621
5620
5619
5618
5617
5616
5615
5614
5613
5612
5611
5610
5609
5608
5607
5606
5604
5603
5602
5601
5600
5599
5598
5597
5596
5595
5594
5593
5592
5591
5589
5588
5587
5586
5585
5584
5583
5582
5581
5580
5579
5578
5577
5576
5575
5574
5573
5572
5571
5570
5569
5567
5566
5565
5563
5561
5560
5559
5558
5557
5556
5554
5553
5552
5551
5550
5549
5548
5547
5546
5545
5544
5543
5542
5541
5539
5538
5537
5536
5535
5534
5533
5532
5530
5529
5528
5527
5526
5525
5524
5523
5522
5521
5520
5519
5518
5517
5516
5515
5514
5513
5512
5511
5510
5508
5507
5506
5505
5504
5503
5502
5501
5500
5499
5498
5497
5496
5495
5493
5492
5491
5490
5489
5488
5487
5486
5485
5484
5483
5482
5481
5480
5478
5477
5475
5474
5473
5472
5471
5470
5469
5468
5467
5466
5465
5464
5462
5461
5460
5459
5458
5457
5456
5455
5454
5453
5452
5451
5450
5449
5447
5446
5445
5444
5443
5442
5441
5440
5439
5438
5437
5436
5435
5434
5433
5431
5430
5429
5428
5426
5425
5424
5423
5422
5421
5420
5419
5418
5417
5416
5415
5414
5412
5411
5410
5407
5406
5405
5404
5403
5402
5401
5400
5399
5398
5397
5396
5395
5394
5393
5392
5391
5390
5389
5388
5387
5386
5385
5384
5383
5382
5380
5379
5378
5377
5376
5375
5374
5373
5372
5371
5370
5369
5368
5367
5366
5364
5363
5362
5361
5360
5359
5358
5357
5356
5355
5354
5353
5352
5351
5350
5349
5347
5346
5345
5344
5343
5342
5341
5340
5339
5338
5337
5336
5335
5334
5333
5332
5331
5330
5329
5328
5327
5326
5325
5324
5323
5322
5321
5320
5319
5317
5316
5315
5314
5313
5312
5311
5310
5309
5308
5307
5306
5305
5304
5303
5302
5301
5300
5299
5298
5297
5296
5295
5294
5293
5292
5291
5290
5289
5288
5287
5286
5285
5284
5283
5282
5280
5279
5278
5277
5276
5275
5274
5273
5271
5270
5269
5268
5267
5266
5265
5264
5263
5262
5261
5260
5259
5258
5257
5256
5254
5253
5251
5250
5248
5247
5245
5244
5242
5241
5240
5238
5237
5236
5235
5233
5232
5231
5230
5229
5228
5227
5226
5225
5224
5223
5222
5221
5220
5219
5218
5217
5216
5215
5214
5213
5212
5211
5210
5209
5208
5207
5206
5205
5203
5202
5201
5200
5199
5198
5197
5196
5195
5194
5193
5192
5191
5190
5189
5188
5187
5186
5185
5184
5183
5182
5181
5180
5179
5178
5177
5176
5175
5174
5173
5172
5171
5170
5169
5167
5166
5165
5164
5163
5162
5161
5160
5159
5158
5157
5156
5155
5154
5153
5152
5151
5150
5148
5147
5146
5145
5144
5143
5142
5141
5139
5138
5137
5136
5135
5134
5133
5132
5131
5130
5129
5128
5127
5126
5125
5124
5123
5122
5121
5120
5118
5116
5115
5114
5113
5112
5111
5110
5109
5108
5107
5106
5105
5104
5103
5102
5101
5100
5098
5097
5096
5095
5094
5093
5092
5091
5090
5089
5087
5086
5085
5084
5083
5082
5081
5080
5079
5078
5077
5074
5073
5072
5071
5070
5068
5067
5066
5065
5064
5063
5062
5061
5060
5057
5056
5055
5054
5052
5051
5049
5048
5047
5046
5044
5043
5042
5041
5040
5039
5038
5037
5036
5035
5034
5033
5032
5031
5029
5028
5027
5026
5024
5023
5022
5021
5020
5019
5018
5017
5016
5015
5014
5013
5012
5011
5010
5009
5008
5007
5006
5005
5004
5003
5002
5001
5000
4999
4998
4997
4996
4995
4994
4993
4992
4991
4990
4989
4988
4987
4986
4985
4984
4983
4982
4980
4979
4978
4977
4976
4975
4974
4973
4972
4971
4970
4969
4968
4967
4966
4965
4964
4963
4962
4961
4960
4959
4958
4956
4955
4954
4953
4952
4951
4950
4949
4948
4947
4945
4944
4943
4942
4941
4940
4939
4938
4937
4936
4935
4934
4933
4932
4931
4930
4929
4928
4927
4926
4925
4923
4922
4921
4920
4919
4918
4917
4916
4915
4914
4912
4910
4908
4907
4905
4904
4903
4902
4901
4899
4898
4897
4896
4895
4894
4893
4892
4891
4890
4889
4888
4887
4886
4885
4884
4883
4882
4881
4880
4879
4878
4876
4875
4874
4872
4871
4870
4869
4868
4867
4866
4865
4864
4863
4862
4861
4860
4859
4858
4857
4856
4855
4854
4853
4852
4851
4849
4848
4847
4845
4844
4843
4842
4841
4840
4839
4838
4837
4836
4835
4834
4833
4832
4831
4830
4829
4828
4827
4825
4824
4823
4822
4821
4820
4819
4818
4817
4816
4815
4814
4813
4812
4811
4810
4809
4808
4807
4805
4804
4803
4802
4801
4799
4797
4796
4794
4793
4792
4791
4790
4789
4788
4787
4786
4785
4784
4783
4782
4781
4780
4779
4778
4777
4776
4775
4774
4773
4772
4771
4770
4769
4768
4767
4766
4765
4764
4763
4762
4761
4760
4759
4758
4757
4756
4755
4754
4753
4752
4750
4749
4748
4747
4746
4745
4744
4743
4742
4741
4740
4739
4738
4737
4736
4733
4732
4731
4730
4729
4728
4727
4726
4725
4724
4723
4722
4721
4720
4719
4718
4716
4714
4713
4712
4711
4710
4709
4707
4706
4705
4704
4703
4702
4701
4700
4699
4698
4697
4696
4695
4694
4693
4692
4691
4690
4689
4688
4687
4684
4683
4682
4681
4680
4679
4678
4677
4676
4675
4674
4673
4672
4671
4670
4669
4668
4667
4666
4665
4664
4663
4662
4661
4660
4659
4658
4657
4656
4654
4653
4652
4651
4650
4649
4648
4647
4646
4645
4644
4642
4641
4640
4639
4637
4636
4635
4634
4633
4632
4631
4630
4629
4628
4627
4626
4625
4624
4623
4622
4621
4620
4619
4618
4617
4616
4615
4614
4613
4612
4611
4610
4608
4607
4606
4605
4604
4603
4602
4601
4600
4599
4598
4597
4596
4595
4594
4593
4592
4591
4590
4589
4587
4586
4585
4584
4583
4582
4581
4580
4579
4578
4577
4576
4575
4574
4573
4572
4571
4570
4569
4568
4567
4566
4565
4564
4563
4562
4561
4560
4559
4558
4557
4556
4555
4554
4553
4552
4551
4549
4548
4547
4546
4545
4544
4543
4542
4541
4540
4539
4538
4537
4536
4535
4534
4533
4532
4531
4530
4529
4528
4527
4526
4525
4524
4523
4522
4521
4520
4519
4518
4514
4513
4510
4509
4507
4506
4505
4504
4503
4502
4501
4500
4499
4498
4497
4496
4495
4494
4493
4492
4491
4490
4489
4488
4487
4485
4484
4483
4481
4480
4479
4478
4477
4476
4475
4474
4472
4471
4470
4469
4468
4467
4466
4465
4464
4463
4462
4461
4460
4459
4458
4457
4456
4455
4454
4453
4452
4451
4450
4449
4448
4446
4444
4443
4442
4441
4440
4438
4437
4436
4435
4434
4433
4432
4431
4430
4429
4428
4426
4425
4422
4421
4420
4419
4418
4417
4416
4414
4413
4412
4411
4410
4408
4407
4406
4405
4404
4403
4402
4401
4400
4399
4398
4397
4396
4394
4393
4392
4391
4389
4388
4387
4386
4385
4384
4383
4382
4381
4380
4379
4378
4377
4376
4375
4374
4373
4372
4371
4370
4369
4367
4366
4365
4364
4363
4362
4361
4360
4359
4356
4355
4354
4353
4352
4351
4350
4349
4348
4347
4346
4345
4344
4341
4340
4339
4338
4337
4336
4335
4334
4333
4332
4331
4330
4328
4327
4326
4325
4324
4322
4321
4320
4319
4317
4316
4315
4314
4313
4312
4311
4310
4309
4308
4307
4306
4305
4304
4303
4302
4301
4300
4299
4298
4297
4296
4294
4293
4289
4288
4287
4286
4285
4284
4283
4281
4280
4279
4278
4277
4276
4275
4274
4273
4272
4271
4270
4269
4268
4266
4265
4264
4263
4262
4261
4260
4259
4258
4257
4256
4255
4254
4253
4252
4250
4249
4248
4247
4246
4245
4244
4243
4242
4240
4239
4238
4237
4236
4235
4234
4233
4232
4230
4229
4228
4227
4226
4225
4224
4223
4222
4221
4220
4219
4218
4217
4216
4215
4214
4213
4212
4211
4209
4208
4207
4206
4205
4204
4203
4202
4201
4200
4199
4198
4197
4196
4195
4194
4193
4192
4191
4190
4189
4188
4187
4186
4185
4184
4183
4181
4180
4179
4178
4177
4176
4175
4174
4172
4171
4170
4169
4168
4167
4166
4165
4164
4163
4162
4161
4160
4157
4156
4155
4154
4153
4152
4151
4150
4149
4148
4147
4146
4145
4144
4143
4142
4141
4138
4137
4136
4135
4134
4133
4132
4131
4130
4129
4128
4127
4126
4125
4124
4123
4122
4121
4119
4118
4116
4115
4114
4113
4112
4111
4110
4109
4108
4107
4106
4105
4104
4103
4102
4101
4099
4097
4096
4095
4094
4093
4092
4091
4090
4089
4088
4087
4085
4084
4083
4082
4081
4078
4077
4076
4075
4074
4073
4072
4071
4070
4069
4068
4067
4066
4064
4063
4062
4061
4060
4059
4058
4057
4056
4054
4053
4052
4051
4049
4048
4047
4046
4045
4044
4043
4042
4041
4040
4039
4038
4037
4036
4035
4034
4033
4032
4031
4030
4029
4028
4025
4024
4023
4022
4021
4020
4019
4018
4017
4016
4015
4014
4013
4012
4011
4010
4009
4008
4007
4006
4005
4003
4002
4001
4000
3999
3998
3997
3996
3995
3994
3993
3992
3991
3990
3989
3988
3987
3986
3985
3984
3983
3982
3981
3980
3979
3978
3977
3976
3975
3974
3973
3972
3971
3970
3968
3966
3965
3964
3963
3961
3960
3959
3958
3957
3956
3955
3954
3952
3951
3950
3949
3948
3947
3946
3945
3944
3943
3942
3941
3940
3939
3938
3937
3936
3935
3934
3933
3932
3931
3930
3929
3928
3927
3926
3925
3924
3923
3922
3921
3920
3919
3918
3917
3916
3915
3914
3913
3912
3911
3910
3909
3907
3906
3905
3904
3903
3902
3901
3900
3899
3898
3897
3895
3894
3893
3892
3891
3889
3888
3887
3886
3885
3884
3883
3880
3879
3878
3877
3876
3875
3874
3873
3872
3871
3870
3869
3868
3867
3866
3865
3864
3863
3862
3861
3860
3859
3858
3857
3856
3855
3854
3853
3852
3850
3849
3848
3847
3846
3845
3844
3843
3842
3841
3840
3839
3838
3837
3836
3835
3834
3833
3832
3831
3830
3829
3828
3827
3826
3824
3822
3821
3820
3819
3818
3817
3816
3815
3814
3813
3812
3811
3810
3809
3808
3807
3806
3805
3803
3802
3801
3800
3799
3798
3797
3795
3794
3793
3792
3791
3790
3789
3788
3787
3786
3785
3784
3783
3782
3781
3780
3779
3778
3777
3776
3775
3774
3773
3772
3771
3770
3769
3768
3767
3766
3765
3764
3763
3762
3761
3760
3759
3758
3757
3756
3754
3753
3752
3751
3750
3749
3748
3747
3745
3744
3743
3742
3741
3740
3739
3738
3737
3736
3735
3734
3727
3726
3725
3724
3723
3722
3721
3720
3719
3718
3717
3716
3715
3714
3713
3712
3711
3710
3709
3708
3707
3706
3705
3704
3703
3701
3700
3699
3698
3697
3696
3694
3693
3690
3688
3687
3686
3685
3684
3683
3682
3681
3680
3679
3678
3677
3676
3675
3674
3673
3672
3671
3670
3669
3667
3666
3665
3664
3663
3662
3661
3660
3659
3657
3656
3655
3654
3653
3652
3651
3650
3649
3648
3647
3646
3645
3644
3643
3642
3641
3640
3639
3638
3637
3636
3635
3634
3633
3632
3631
3629
3628
3627
3626
3625
3624
3623
3622
3621
3620
3619
3618
3617
3616
3615
3614
3613
3612
3611
3610
3609
3608
3607
3606
3605
3604
3603
3602
3600
3599
3598
3597
3596
3595
3593
3592
3591
3590
3589
3588
3587
3586
3585
3584
3583
3582
3581
3580
3579
3578
3577
3576
3575
3574
3573
3572
3571
3570
3569
3568
3567
3566
3565
3564
3562
3561
3560
3559
3558
3557
3556
3555
3554
3553
3552
3551
3550
3549
3548
3547
3546
3545
3543
3542
3541
3540
3539
3538
3537
3536
3535
3534
3533
3532
3531
3530
3529
3528
3527
3526
3525
3524
3523
3522
3521
3520
3519
3518
3517
3516
3515
3513
3512
3511
3510
3508
3507
3506
3505
3504
3503
3502
3501
3500
3499
3498
3497
3496
3495
3494
3493
3492
3491
3490
3489
3488
3487
3486
3485
3484
3483
3482
3481
3480
3479
3478
3477
3476
3475
3474
3473
3472
3471
3470
3469
3468
3466
3465
3463
3462
3460
3459
3458
3457
3456
3455
3454
3453
3452
3450
3449
3448
3447
3443
3442
3441
3440
3439
3438
3437
3436
3435
3434
3433
3432
3431
3430
3429
3428
3427
3426
3425
3424
3423
3422
3421
3420
3419
3418
3417
3416
3415
3414
3413
3412
3411
3410
3409
3408
3407
3406
3405
3404
3403
3402
3401
3400
3399
3395
3393
3392
3391
3390
3389
3388
3387
3386
3385
3384
3383
3382
3381
3379
3378
3377
3376
3375
3374
3373
3372
3371
3370
3369
3368
3367
3366
3365
3364
3362
3361
3360
3359
3357
3356
3355
3354
3353
3352
3351
3350
3349
3348
3347
3346
3345
3344
3343
3342
3341
3340
3339
3338
3337
3336
3334
3333
3332
3331
3330
3329
3328
3327
3326
3325
3324
3323
3322
3321
3320
3319
3318
3317
3316
3315
3314
3313
3312
3311
3310
3309
3308
3307
3306
3305
3304
3303
3302
3301
3300
3299
3298
3297
3296
3295
3294
3293
3292
3291
3290
3289
3288
3287
3286
3285
3284
3283
3282
3281
3280
3279
3278
3277
3276
3274
3273
3272
3271
3270
3269
3268
3267
3266
3265
3264
3263
3262
3261
3260
3259
3258
3257
3256
3255
3254
3253
3252
3250
3249
3248
3247
3246
3245
3244
3243
3242
3241
3240
3239
3238
3237
3236
3235
3234
3233
3232
3231
3230
3229
3228
3227
3226
3225
3224
3223
3222
3221
3220
3218
3217
3216
3215
3214
3213
3212
3211
3210
3209
3208
3207
3206
3205
3203
3202
3201
3200
3199
3198
3197
3196
3195
3193
3192
3191
3190
3189
3188
3187
3186
3185
3184
3182
3181
3180
3179
3178
3177
3176
3174
3173
3172
3171
3170
3169
3168
3167
3166
3165
3164
3163
3162
3161
3160
3159
3158
3157
3156
3154
3153
3152
3151
3150
3149
3148
3147
3146
3145
3144
3141
3140
3139
3138
3137
3136
3135
3134
3133
3132
3131
3130
3129
3128
3127
3126
3125
3124
3123
3122
3121
3119
3118
3117
3116
3115
3114
3113
3112
3111
3110
3109
3108
3107
3106
3105
3104
3103
3102
3101
3100
3099
3098
3097
3096
3095
3094
3093
3092
3091
3089
3088
3086
3085
3084
3083
3082
3081
3080
3079
3077
3076
3075
3074
3073
3072
3071
3070
3069
3068
3067
3066
3065
3064
3063
3062
3061
3060
3059
3058
3057
3056
3055
3054
3052
3051
3050
3048
3047
3046
3045
3044
3043
3042
3041
3039
3038
3037
3036
3035
3034
3033
3032
3031
3030
3029
3028
3027
3026
3025
3024
3023
3022
3021
3020
3019
3018
3017
3016
3015
3013
3012
3011
3010
3009
3008
3007
3006
3005
3004
3003
3002
3001
3000
2999
2998
2996
2995
2994
2993
2992
2991
2990
2989
2988
2987
2986
2985
2984
2983
2982
2981
2980
2979
2978
2977
2976
2975
2974
2973
2972
2971
2970
2969
2967
2966
2965
2964
2963
2962
2961
2960
2959
2958
2957
2956
2955
2954
2953
2952
2951
2950
2949
2948
2947
2946
2945
2944
2942
2941
2940
2939
2938
2937
2936
2935
2934
2933
2932
2931
2930
2928
2927
2926
2925
2924
2923
2922
2921
2920
2919
2918
2917
2916
2915
2914
2913
2912
2911
2910
2909
2908
2907
2906
2905
2904
2903
2902
2901
2900
2899
2898
2897
2896
2895
2894
2893
2892
2891
2890
2889
2888
2887
2886
2885
2884
2883
2882
2881
2880
2879
2878
2877
2876
2875
2874
2873
2872
2871
2870
2869
2868
2867
2866
2864
2863
2862
2861
2860
2859
2858
2857
2856
2855
2854
2853
2852
2851
2850
2849
2848
2847
2846
2845
2844
2843
2842
2841
2840
2839
2838
2837
2836
2835
2834
2833
2832
2831
2830
2829
2828
2827
2826
2825
2824
2823
2822
2821
2819
2818
2817
2816
2814
2813
2812
2811
2810
2809
2808
2807
2806
2805
2804
2802
2801
2800
2799
2798
2797
2796
2795
2794
2793
2792
2791
2790
2789
2788
2787
2786
2785
2784
2783
2782
2780
2779
2778
2777
2776
2775
2774
2773
2772
2771
2770
2769
2768
2767
2766
2765
2764
2763
2762
2760
2759
2758
2757
2756
2755
2754
2753
2752
2751
2750
2749
2748
2747
2746
2745
2744
2743
2741
2740
2739
2738
2737
2736
2735
2734
2733
2732
2731
2730
2729
2728
2727
2726
2725
2724
2723
2722
2721
2720
2719
2718
2717
2716
2715
2714
2713
2712
2711
2710
2709
2708
2706
2705
2704
2703
2702
2701
2700
2699
2698
2697
2696
2695
2694
2693
2692
2691
2690
2689
2688
2686
2685
2684
2682
2681
2680
2679
2678
2677
2676
2673
2672
2671
2670
2669
2667
2666
2665
2664
2663
2662
2661
2660
2659
2658
2657
2656
2655
2654
2653
2652
2651
2650
2649
2648
2647
2646
2645
2644
2643
2642
2641
2640
2639
2637
2636
2635
2634
2633
2632
2630
2628
2627
2626
2625
2624
2623
2622
2621
2620
2618
2617
2616
2615
2614
2613
2611
2608
2607
2606
2605
2604
2603
2600
2599
2598
2597
2596
2595
2594
2593
2592
2591
2590
2589
2588
2587
2586
2585
2584
2583
2582
2581
2580
2579
2578
2577
2576
2575
2574
2573
2572
2571
2570
2569
2568
2567
2566
2565
2563
2561
2560
2559
2557
2556
2555
2554
2553
2552
2551
2550
2549
2548
2547
2546
2545
2544
2543
2542
2540
2539
2538
2537
2536
2535
2532
2531
2530
2529
2528
2527
2526
2525
2524
2523
2522
2521
2520
2519
2517
2516
2515
2514
2513
2512
2511
2510
2509
2508
2507
2506
2505
2504
2503
2502
2501
2500
2499
2498
2497
2495
2494
2493
2492
2491
2490
2489
2488
2487
2485
2484
2483
2482
2481
2480
2479
2478
2477
2476
2475
2474
2473
2472
2471
2470
2469
2468
2467
2466
2465
2464
2463
2462
2461
2460
2459
2458
2457
2456
2455
2454
2453
2452
2451
2450
2449
2448
2446
2445
2444
2443
2441
2440
2439
2438
2437
2436
2435
2434
2433
2432
2431
2430
2429
2428
2427
2426
2425
2424
2423
2422
2421
2420
2419
2417
2416
2415
2414
2413
2412
2411
2410
2409
2408
2407
2406
2405
2404
2402
2401
2400
2399
2398
2397
2396
2394
2393
2392
2390
2389
2388
2387
2386
2385
2384
2383
2382
2381
2380
2379
2378
2377
2376
2375
2374
2373
2372
2371
2370
2369
2368
2367
2366
2365
2363
2362
2361
2360
2359
2358
2357
2356
2355
2354
2352
2351
2350
2349
2348
2347
2345
2344
2343
2342
2341
2339
2338
2337
2336
2335
2334
2333
2332
2331
2330
2329
2328
2327
2325
2324
2323
2322
2321
2320
2319
2318
2317
2316
2315
2314
2313
2312
2311
2310
2309
2308
2307
2306
2305
2304
2303
2302
2299
2298
2297
2296
2295
2294
2293
2292
2291
2288
2287
2286
2285
2284
2283
2282
2281
2280
2279
2278
2277
2276
2275
2274
2273
2272
2271
2270
2269
2268
2267
2266
2265
2264
2263
2262
2261
2260
2259
2258
2257
2256
2255
2254
2253
2252
2251
2250
2249
2248
2247
2245
2244
2243
2242
2241
2240
2239
2238
2237
2236
2235
2234
2233
2232
2231
2230
2229
2216
2215
2214
2213
2212
2211
2210
2209
2208
2207
2205
2203
2202
2201
2200
2199
2198
2197
2196
2195
2194
2193
2192
2190
2189
2188
2187
2186
2185
2184
2183
2181
2180
2179
2178
2177
2176
2175
2174
2173
2172
2171
2170
2169
2168
2167
2165
2164
2162
2161
2160
2159
2158
2157
2156
2154
2153
2152
2151
2149
2148
2147
2146
2145
2144
2143
2142
2141
2139
2138
2137
2136
2135
2134
2133
2132
2131
2130
2129
2128
2127
2126
2125
2124
2123
2122
2121
2120
2119
2118
2117
2116
2115
2114
2113
2112
2111
2110
2109
2107
2106
2105
2104
2103
2102
2101
2100
2099
2098
2097
2096
2095
2094
2092
2091
2090
2089
2088
2087
2085
2084
2083
2082
2081
2080
2079
2078
2077
2076
2075
2074
2072
2071
2070
2069
2068
2067
2066
2064
2063
2062
2061
2060
2059
2058
2057
2056
2055
2054
2053
2052
2050
2049
2047
2045
2043
2042
2041
2039
2038
2036
2034
2033
2032
2031
2030
2029
2028
2027
2026
2025
2024
2023
2022
2021
2020
2019
2018
2016
2015
2014
2013
2012
2011
2009
2008
2007
2006
2005
2004
2003
2002
2001
2000
1998
1997
1996
1995
1994
1993
1992
1991
1990
1989
1988
1987
1986
1985
1984
1983
1982
1981
1980
1979
1978
1977
1976
1975
1974
1973
1972
1969
1968
1967
1965
1964
1963
1962
1961
1960
1959
1958
1957
1956
1955
1954
1953
1952
1951
1950
1949
1948
1946
1945
1944
1942
1941
1940
1939
1938
1937
1936
1934
1933
1931
1930
1929
1928
1927
1926
1925
1924
1923
1922
1921
1920
1919
1918
1917
1915
1914
1913
1912
1911
1910
1909
1908
1906
1903
1902
1901
1900
1899
1898
1897
1896
1895
1894
1893
1892
1891
1890
1889
1888
1887
1886
1884
1883
1881
1879
1878
1877
1876
1875
1874
1872
1871
1870
1869
1866
1865
1864
1863
1862
1861
1860
1859
1858
1857
1856
1855
1854
1853
1852
1850
1849
1848
1847
1846
1845
1844
1843
1842
1841
1840
1839
1838
1837
1836
1835
1834
1833
1832
1831
1830
1829
1828
1827
1826
1824
1823
1822
1821
1820
1819
1817
1816
1815
1814
1813
1812
1811
1809
1808
1807
1806
1805
1804
1803
1802
1800
1799
1797
1796
1795
1793
1792
1791
1790
1789
1788
1787
1786
1785
1784
1783
1782
1781
1780
1779
1777
1774
1773
1772
1771
1770
1769
1768
1767
1766
1765
1764
1762
1761
1760
1759
1758
1757
1756
1755
1754
1753
1752
1751
1750
1748
1746
1745
1744
1743
1742
1741
1740
1739
1737
1736
1735
1734
1733
1732
1731
1730
1729
1728
1727
1726
1725
1724
1723
1722
1721
1720
1717
1715
1714
1713
1712
1711
1710
1709
1708
1707
1706
1705
1704
1703
1702
1701
1700
1699
1697
1696
1695
1694
1693
1692
1691
1690
1689
1688
1686
1685
1684
1683
1682
1681
1680
1679
1678
1677
1675
1674
1673
1671
1670
1669
1667
1666
1665
1664
1663
1662
1661
1660
1659
1658
1656
1655
1654
1653
1652
1651
1650
1649
1648
1647
1646
1645
1644
1643
1642
1641
1640
1639
1638
1637
1636
1635
1633
1632
1630
1629
1628
1627
1626
1625
1624
1623
1622
1621
1619
1618
1617
1616
1615
1614
1613
1612
1611
1610
1609
1605
1604
1603
1602
1601
1600
1599
1598
1597
1596
1595
1594
1593
1592
1591
1590
1589
1588
1587
1586
1585
1584
1583
1582
1581
1580
1579
1578
1576
1575
1574
1573
1572
1571
1570
1569
1568
1567
1566
1565
1564
1563
1562
1561
1560
1559
1558
1557
1556
1555
1554
1553
1552
1551
1550
1548
1547
1546
1544
1543
1542
1541
1540
1539
1538
1536
1535
1534
1533
1532
1531
1530
1528
1527
1526
1525
1524
1523
1522
1521
1520
1519
1517
1516
1514
1513
1512
1511
1510
1509
1508
1507
1506
1505
1504
1502
1501
1499
1498
1497
1496
1495
1494
1493
1492
1491
1490
1489
1488
1487
1486
1484
1482
1481
1480
1479
1478
1477
1476
1475
1474
1473
1472
1471
1470
1469
1468
1467
1466
1465
1464
1463
1462
1461
1460
1459
1458
1457
1456
1455
1454
1453
1452
1451
1450
1449
1448
1447
1446
1445
1444
1443
1442
1440
1439
1438
1435
1434
1433
1432
1431
1430
1429
1428
1427
1426
1425
1424
1423
1422
1421
1420
1419
1418
1417
1416
1415
1411
1410
1409
1408
1407
1405
1403
1401
1400
1399
1398
1397
1394
1393
1392
1391
1389
1388
1387
1386
1385
1384
1383
1382
1381
1380
1379
1378
1377
1376
1375
1374
1373
1372
1371
1370
1369
1368
1367
1366
1365
1364
1363
1362
1361
1360
1359
1358
1357
1356
1355
1353
1352
1351
1350
1349
1348
1347
1346
1345
1344
1343
1341
1340
1339
1338
1336
1334
1333
1332
1331
1330
1329
1328
1327
1326
1325
1324
1323
1322
1321
1319
1318
1317
1316
1315
1314
1313
1312
1311
1310
1308
1307
1306
1305
1304
1303
1302
1301
1300
1299
1298
1297
1296
1295
1294
1293
1292
1291
1290
1289
1288
1287
1286
1285
1284
1283
1282
1281
1280
1279
1278
1277
1276
1275
1274
1273
1272
1271
1270
1269
1268
1267
1266
1265
1264
1263
1261
1260
1259
1258
1257
1256
1255
1254
1253
1252
1251
1250
1249
1248
1247
1246
1245
1244
1243
1240
1239
1238
1237
1236
1235
1234
1233
1230
1228
1227
1226
1225
1224
1223
1222
1220
1219
1218
1216
1215
1214
1213
1212
1211
1210
1209
1208
1207
1206
1204
1203
1202
1201
1200
1199
1198
1197
1196
1194
1193
1192
1191
1190
1189
1188
1186
1185
1184
1183
1182
1181
1180
1178
1177
1176
1175
1174
1173
1172
1171
1170
1168
1167
1166
1165
1164
1163
1162
1161
1160
1159
1158
1157
1156
1155
1154
1152
1149
1148
1147
1146
1145
1144
1143
1142
1141
1140
1139
1138
1137
1136
1133
1132
1131
1130
1129
1128
1127
1126
1125
1124
1123
1122
1121
1120
1119
1118
1117
1116
1115
1114
1113
1112
1111
1110
1109
1108
1107
1106
1105
1104
1103
1102
1101
1100
1099
1098
1097
1096
1095
1094
1093
1092
1091
1090
1089
1088
1087
1086
1085
1084
1083
1081
1080
1079
1078
1077
1076
1075
1074
1073
1072
1071
1069
1068
1067
1066
1064
1063
1062
1061
1060
1059
1057
1056
1055
1054
1053
1052
1051
1050
1048
1047
1046
1045
1044
1043
1042
1041
1040
1039
1038
1037
1036
1035
1033
1032
1031
1029
1027
1026
1025
1024
1023
1022
1021
1020
1019
1018
1017
1016
1015
1014
1013
1012
1011
1010
1009
1008
1007
1006
1005
1003
1002
1001
1000
999
998
997
996
995
994
993
992
991
990
989
988
987
986
985
984
983
982
981
980
979
978
977
976
975
974
973
972
971
970
969
968
967
966
965
964
963
962
960
959
958
957
956
955
954
953
952
951
950
949
948
947
946
945
944
943
942
941
940
938
937
936
935
934
933
932
931
930
929
928
927
926
925
924
923
922
920
919
918
917
916
915
914
913
912
911
910
909
908
907
906
905
904
903
902
901
900
899
898
897
896
895
894
893
892
891
890
889
888
887
886
885
884
883
882
881
880
878
877
876
875
874
873
872
871
870
869
868
867
866
865
864
863
862
861
858
857
856
855
853
852
851
850
849
848
847
846
845
844
843
842
841
840
839
838
837
835
834
833
832
831
830
829
828
827
826
825
824
823
822
821
820
819
817
816
815
814
813
812
811
810
809
808
807
806
805
804
803
802
801
800
799
798
797
796
794
793
792
791
790
789
788
787
786
785
784
783
782
781
780
779
778
777
776
775
774
773
771
770
769
768
767
766
764
763
762
761
760
759
758
757
756
755
754
753
752
751
750
749
748
746
745
744
743
741
740
739
738
737
736
735
734
733
732
731
730
729
728
727
726
725
724
723
722
721
720
719
718
717
716
715
714
713
712
711
710
709
708
707
706
705
703
702
701
700
699
698
697
696
695
694
693
691
690
689
688
687
686
685
684
683
682
681
680
678
677
676
675
673
672
671
670
669
668
667
666
665
664
663
662
661
660
658
657
656
655
654
653
652
651
650
649
648
647
646
645
644
643
642
641
640
639
638
637
636
635
634
633
632
631
630
629
628
627
626
625
624
623
622
621
620
619
618
617
616
615
614
613
612
611
610
609
607
606
605
604
603
602
601
600
599
598
597
596
595
594
593
592
591
590
587
586
585
583
582
581
580
579
578
577
576
575
574
573
572
571
570
569
568
567
566
565
564
563
562
561
560
558
557
556
555
554
552
551
550
549
548
547
545
544
543
542
541
540
539
538
537
536
535
534
533
532
531
530
529
528
527
526
525
524
523
522
521
520
519
518
517
516
515
514
512
511
510
509
508
507
506
505
504
503
502
501
500
499
498
496
494
493
492
491
490
489
488
487
486
485
484
483
482
481
480
479
477
476
475
473
472
471
470
469
468
467
466
465
464
463
462
461
460
459
458
457
456
455
454
453
452
451
450
449
448
447
446
445
444
443
442
440
439
438
437
436
435
434
433
431
429
428
427
425
424
423
421
420
419
418
417
416
415
414
413
412
411
410
409
408
407
406
405
404
403
402
401
400
399
398
397
396
395
394
393
392
391
389
388
387
386
385
384
383
382
381
380
379
378
376
375
374
373
372
370
369
368
367
365
364
363
362
361
360
359
358
357
356
355
354
353
352
351
350
349
348
347
346
345
344
343
342
341
340
339
338
337
336
334
333
332
331
330
329
328
327
326
325
324
323
322
321
320
319
318
317
316
315
314
313
312
311
310
309
308
307
306
305
304
303
302
301
300
299
298
297
296
295
294
293
292
291
290
289
288
287
286
285
284
283
282
281
280
279
278
277
276
275
274
273
272
270
269
268
267
266
265
264
263
262
261
260
259
258
257
256
255
253
252
251
250
249
248
247
246
245
244
243
242
241
240
239
238
237
236
235
234
233
232
231
230
229
228
227
226
225
224
223
222
221
220
219
218
217
216
215
214
213
212
211
210
209
208
207
206
205
204
203
202
201
200
199
198
197
196
195
194
193
192
191
190
189
188
187
186
185
184
183
182
181
179
178
177
176
174
173
172
171
170
169
168
167
166
165
164
163
162
160
159
158
157
156
155
154
151
150
149
148
147
146
145
144
142
141
140
139
136
135
133
132
131
130
129
128
127
126
125
124
123
122
121
120
119
118
117
116
115
114
112
111
110
109
108
107
106
105
104
103
102
101
100
99
97
96
94
93
92
91
90
89
88
87
85
84
83
82
81
80
79
78
77
76
75
74
73
72
71
70
69
68
67
66
65
64
63
62
61
60
59
58
57
56
55
54
53
52
51
50
49
48
47
46
45
44
43
42
41
40
38
37
36
34
32
31
30
29
28
27
26
25
24
23
22
21
20
19
18
17
16
15
14
13
12
11
9
8
7
6
5
4
3
2
1
